0,0
0,1
0,2
0,3
0,4
0,5
0,6
0,7
0,8
0,9
0,10
0,11
0,12
0,13
0,14
0,15
0,16
0,17
0,18
0,19
0,20
0,21
0,22
0,23
0,24
0,25
0,26
0,27
0,28
0,29
0,30
0,31
0,32
0,33
0,34
0,35
0,36
0,37
0,38
0,39
0,40
0,41
0,42
0,43
0,44
0,45
0,46
0,47
0,48
0,49
0,50
0,51
0,52
0,53
0,54
0,55
0,56
0,57
0,58
0,59
0,60
0,61
0,62
0,63
0,64
0,65
0,66
0,67
0,68
0,69
0,70
0,71
0,72
0,73
0,74
0,75
0,76
0,77
0,78
0,79
0,80
0,81
0,82
0,83
0,84
0,85
0,86
0,87
0,88
0,89
0,90
0,91
0,92
0,93
0,94
0,95
0,96
0,97
0,98
0,99
0,100
0,101
0,102
0,103
0,104
0,105
0,106
0,107
0,108
0,109
0,110
0,111
0,112
0,113
0,114
0,115
0,116
0,117
0,118
0,119
0,120
0,121
0,122
0,123
0,124
0,125
0,126
0,127
0,128
1,0
1,1
1,2
1,3
1,4
1,5
1,6
1,7
1,8
1,9
1,10
1,11
1,12
1,13
1,14
1,15
1,16
1,17
1,18
1,19
1,20
1,21
1,22
1,23
1,24
1,25
1,26
1,27
1,28
1,29
1,30
1,31
1,32
1,33
1,34
1,35
1,36
1,37
1,38
1,39
1,40
1,41
1,42
1,43
1,44
1,45
1,46
1,47
1,48
1,49
1,50
1,51
1,52
1,53
1,54
1,55
1,56
1,57
1,58
1,59
1,60
1,61
1,62
1,63
1,64
1,65
1,66
1,67
1,68
1,69
1,70
1,71
1,72
1,73
1,74
1,75
1,76
1,77
1,78
1,79
1,80
1,81
1,82
1,83
1,84
1,85
1,86
1,87
1,88
1,89
1,90
1,91
1,92
1,93
1,94
1,95
1,96
1,97
1,98
1,99
1,100
1,101
1,102
1,103
1,104
1,105
1,106
1,107
1,108
1,109
1,110
1,111
1,112
1,113
1,114
1,115
1,116
1,117
1,118
1,119
1,120
1,121
1,122
1,123
1,124
1,125
1,126
1,127
1,128
2,0
2,1
2,2
2,3
2,4
2,5
2,6
2,7
2,8
2,9
2,10
2,11
2,12
2,13
2,14
2,15
2,16
2,17
2,18
2,19
2,20
2,21
2,22
2,23
2,24
2,25
2,26
2,27
2,28
2,29
2,30
2,31
2,32
2,33
2,34
2,35
2,36
2,37
2,38
2,39
2,40
2,41
2,42
2,43
2,44
2,45
2,46
2,47
2,48
2,49
2,50
2,51
2,52
2,53
2,54
2,55
2,56
2,57
2,58
2,59
2,60
2,61
2,62
2,63
2,64
2,65
2,66
2,67
2,68
2,69
2,70
2,71
2,72
2,73
2,74
2,75
2,76
2,77
2,78
2,79
2,80
2,81
2,82
2,83
2,84
2,85
2,86
2,87
2,88
2,89
2,90
2,91
2,92
2,93
2,94
2,95
2,96
2,97
2,98
2,99
2,100
2,101
2,102
2,103
2,104
2,105
2,106
2,107
2,108
2,109
2,110
2,111
2,112
2,113
2,114
2,115
2,116
2,117
2,118
2,119
2,120
2,121
2,122
2,123
2,124
2,125
2,126
2,127
2,128
3,0
3,1
3,2
3,3
3,4
3,5
3,6
3,7
3,8
3,9
3,10
3,11
3,12
3,13
3,14
3,15
3,16
3,17
3,18
3,19
3,20
3,21
3,22
3,23
3,24
3,25
3,26
3,27
3,28
3,29
3,30
3,31
3,32
3,33
3,34
3,35
3,36
3,37
3,38
3,39
3,40
3,41
3,42
3,43
3,44
3,45
3,46
3,47
3,48
3,49
3,50
3,51
3,52
3,53
3,54
3,55
3,56
3,57
3,58
3,59
3,60
3,61
3,62
3,63
3,64
3,65
3,66
3,67
3,68
3,69
3,70
3,71
3,72
3,73
3,74
3,75
3,76
3,77
3,78
3,79
3,80
3,81
3,82
3,83
3,84
3,85
3,86
3,87
3,88
3,89
3,90
3,91
3,92
3,93
3,94
3,95
3,96
3,97
3,98
3,99
3,100
3,101
3,102
3,103
3,104
3,105
3,106
3,107
3,108
3,109
3,110
3,111
3,112
3,113
3,114
3,115
3,116
3,117
3,118
3,119
3,120
3,121
3,122
3,123
3,124
3,125
3,126
3,127
3,128
4,0
4,1
4,2
4,3
4,4
4,5
4,6
4,7
4,8
4,9
4,10
4,11
4,12
4,13
4,14
4,15
4,16
4,17
4,18
4,19
4,20
4,21
4,22
4,23
4,24
4,25
4,26
4,27
4,28
4,29
4,30
4,31
4,32
4,33
4,34
4,35
4,36
4,37
4,38
4,39
4,40
4,41
4,42
4,43
4,44
4,45
4,46
4,47
4,48
4,49
4,50
4,51
4,52
4,53
4,54
4,55
4,56
4,57
4,58
4,59
4,60
4,61
4,62
4,63
4,64
4,65
4,66
4,67
4,68
4,69
4,70
4,71
4,72
4,73
4,74
4,75
4,76
4,77
4,78
4,79
4,80
4,81
4,82
4,83
4,84
4,85
4,86
4,87
4,88
4,89
4,90
4,91
4,92
4,93
4,94
4,95
4,96
4,97
4,98
4,99
4,100
4,101
4,102
4,103
4,104
4,105
4,106
4,107
4,108
4,109
4,110
4,111
4,112
4,113
4,114
4,115
4,116
4,117
4,118
4,119
4,120
4,121
4,122
4,123
4,124
4,125
4,126
4,127
4,128
5,0
5,1
5,2
5,3
5,4
5,5
5,6
5,7
5,8
5,9
5,10
5,11
5,12
5,13
5,14
5,15
5,16
5,17
5,18
5,19
5,20
5,21
5,22
5,23
5,24
5,25
5,26
5,27
5,28
5,29
5,30
5,31
5,32
5,33
5,34
5,35
5,36
5,37
5,38
5,39
5,40
5,41
5,42
5,43
5,44
5,45
5,46
5,47
5,48
5,49
5,50
5,51
5,52
5,53
5,54
5,55
5,56
5,57
5,58
5,59
5,60
5,61
5,62
5,63
5,64
5,65
5,66
5,67
5,68
5,69
5,70
5,71
5,72
5,73
5,74
5,75
5,76
5,77
5,78
5,79
5,80
5,81
5,82
5,83
5,84
5,85
5,86
5,87
5,88
5,89
5,90
5,91
5,92
5,93
5,94
5,95
5,96
5,97
5,98
5,99
5,100
5,101
5,102
5,103
5,104
5,105
5,106
5,107
5,108
5,109
5,110
5,111
5,112
5,113
5,114
5,115
5,116
5,117
5,118
5,119
5,120
5,121
5,122
5,123
5,124
5,125
5,126
5,127
5,128
6,0
6,1
6,2
6,3
6,4
6,5
6,6
6,7
6,8
6,9
6,10
6,11
6,12
6,13
6,14
6,15
6,16
6,17
6,18
6,19
6,20
6,21
6,22
6,23
6,24
6,25
6,26
6,27
6,28
6,29
6,30
6,31
6,32
6,33
6,34
6,35
6,36
6,37
6,38
6,39
6,40
6,41
6,42
6,43
6,44
6,45
6,46
6,47
6,48
6,49
6,50
6,51
6,52
6,53
6,54
6,55
6,56
6,57
6,58
6,59
6,60
6,61
6,62
6,63
6,64
6,65
6,66
6,67
6,68
6,69
6,70
6,71
6,72
6,73
6,74
6,75
6,76
6,77
6,78
6,79
6,80
6,81
6,82
6,83
6,84
6,85
6,86
6,87
6,88
6,89
6,90
6,91
6,92
6,93
6,94
6,95
6,96
6,97
6,98
6,99
6,100
6,101
6,102
6,103
6,104
6,105
6,106
6,107
6,108
6,109
6,110
6,111
6,112
6,113
6,114
6,115
6,116
6,117
6,118
6,119
6,120
6,121
6,122
6,123
6,124
6,125
6,126
6,127
6,128
6,129
7,0
7,1
7,2
7,3
7,4
7,5
7,6
7,7
7,8
7,9
7,10
7,11
7,12
7,13
7,14
7,15
7,16
7,17
7,18
7,19
7,20
7,21
7,22
7,23
7,24
7,25
7,26
7,27
7,28
7,29
7,30
7,31
7,32
7,33
7,34
7,35
7,36
7,37
7,38
7,39
7,40
7,41
7,42
7,43
7,44
7,45
7,46
7,47
7,48
7,49
7,50
7,51
7,52
7,53
7,54
7,55
7,56
7,57
7,58
7,59
7,60
7,61
7,62
7,63
7,64
7,65
7,66
7,67
7,68
7,69
7,70
7,71
7,72
7,73
7,74
7,75
7,76
7,77
7,78
7,79
7,80
7,81
7,82
7,83
7,84
7,85
7,86
7,87
7,88
7,89
7,90
7,91
7,92
7,93
7,94
7,95
7,96
7,97
7,98
7,99
7,100
7,101
7,102
7,103
7,104
7,105
7,106
7,107
7,108
7,109
7,110
7,111
7,112
7,113
7,114
7,115
7,116
7,117
7,118
7,119
7,120
7,121
7,122
7,123
7,124
7,125
7,126
7,127
7,128
8,0
8,1
8,2
8,3
8,4
8,5
8,6
8,7
8,8
8,9
8,10
8,11
8,12
8,13
8,14
8,15
8,16
8,17
8,18
8,19
8,20
8,21
8,22
8,23
8,24
8,25
8,26
8,27
8,28
8,29
8,30
8,31
8,32
8,33
8,34
8,35
8,36
8,37
8,38
8,39
8,40
8,41
8,42
8,43
8,44
8,45
8,46
8,47
8,48
8,49
8,50
8,51
8,52
8,53
8,54
8,55
8,56
8,57
8,58
8,59
8,60
8,61
8,62
8,63
8,64
8,65
8,66
8,67
8,68
8,69
8,70
8,71
8,72
8,73
8,74
8,75
8,76
8,77
8,78
8,79
8,80
8,81
8,82
8,83
8,84
8,85
8,86
8,87
8,88
8,89
8,90
8,91
8,92
8,93
8,94
8,95
8,96
8,97
8,98
8,99
8,100
8,101
8,102
8,103
8,104
8,105
8,106
8,107
8,108
8,109
8,110
8,111
8,112
8,113
8,114
8,115
8,116
8,117
8,118
8,119
8,120
8,121
8,122
8,123
8,124
8,125
8,126
8,127
8,128
9,0
9,1
9,2
9,3
9,4
9,5
9,6
9,7
9,8
9,9
9,10
9,11
9,12
9,13
9,14
9,15
9,16
9,17
9,18
9,19
9,20
9,21
9,22
9,23
9,24
9,25
9,26
9,27
9,28
9,29
9,30
9,31
9,32
9,33
9,34
9,35
9,36
9,37
9,38
9,39
9,40
9,41
9,42
9,43
9,44
9,45
9,46
9,47
9,48
9,49
9,50
9,51
9,52
9,53
9,54
9,55
9,56
9,57
9,58
9,59
9,60
9,61
9,62
9,63
9,64
9,65
9,66
9,67
9,68
9,69
9,70
9,71
9,72
9,73
9,74
9,75
9,76
9,77
9,78
9,79
9,80
9,81
9,82
9,83
9,84
9,85
9,86
9,87
9,88
9,89
9,90
9,91
9,92
9,93
9,94
9,95
9,96
9,97
9,98
9,99
9,100
9,101
9,102
9,103
9,104
9,105
9,106
9,107
9,108
9,109
9,110
9,111
9,112
9,113
9,114
9,115
9,116
9,117
9,118
9,119
9,120
9,121
9,122
9,123
9,124
9,125
9,126
9,127
9,128
9,129
10,0
10,1
10,2
10,3
10,4
10,5
10,6
10,7
10,8
10,9
10,10
10,11
10,12
10,13
10,14
10,15
10,16
10,17
10,18
10,19
10,20
10,21
10,22
10,23
10,24
10,25
10,26
10,27
10,28
10,29
10,30
10,31
10,32
10,33
10,34
10,35
10,36
10,37
10,38
10,39
10,40
10,41
10,42
10,43
10,44
10,45
10,46
10,47
10,48
10,49
10,50
10,51
10,52
10,53
10,54
10,55
10,56
10,57
10,58
10,59
10,60
10,61
10,62
10,63
10,64
10,65
10,66
10,67
10,68
10,69
10,70
10,71
10,72
10,73
10,74
10,75
10,76
10,77
10,78
10,79
10,80
10,81
10,82
10,83
10,84
10,85
10,86
10,87
10,88
10,89
10,90
10,91
10,92
10,93
10,94
10,95
10,96
10,97
10,98
10,99
10,100
10,101
10,102
10,103
10,104
10,105
10,106
10,107
10,108
10,109
10,110
10,111
10,112
10,113
10,114
10,115
10,116
10,117
10,118
10,119
10,120
10,121
10,122
10,123
10,124
10,125
10,126
10,127
10,128
10,129
10,258
10,259
10,260
10,261
10,262
10,263
10,264
11,0
11,1
11,2
11,3
11,4
11,5
11,6
11,7
11,8
11,9
11,10
11,11
11,12
11,13
11,14
11,15
11,16
11,17
11,18
11,19
11,20
11,21
11,22
11,23
11,24
11,25
11,26
11,27
11,28
11,29
11,30
11,31
11,32
11,33
11,34
11,35
11,36
11,37
11,38
11,39
11,40
11,41
11,42
11,43
11,44
11,45
11,46
11,47
11,48
11,49
11,50
11,51
11,52
11,53
11,54
11,55
11,56
11,57
11,58
11,59
11,60
11,61
11,62
11,63
11,64
11,65
11,66
11,67
11,68
11,69
11,70
11,71
11,72
11,73
11,74
11,75
11,76
11,77
11,78
11,79
11,80
11,81
11,82
11,83
11,84
11,85
11,86
11,87
11,88
11,89
11,90
11,91
11,92
11,93
11,94
11,95
11,96
11,97
11,98
11,99
11,100
11,101
11,102
11,103
11,104
11,105
11,106
11,107
11,108
11,109
11,110
11,111
11,112
11,113
11,114
11,115
11,116
11,117
11,118
11,119
11,120
11,121
11,122
11,123
11,124
11,125
11,126
11,127
11,128
11,129
11,255
11,256
11,257
11,258
11,259
11,260
11,261
11,262
11,263
11,264
11,265
11,266
11,267
11,268
11,269
11,270
11,271
11,272
12,0
12,1
12,2
12,3
12,4
12,5
12,6
12,7
12,8
12,9
12,10
12,11
12,12
12,13
12,14
12,15
12,16
12,17
12,18
12,19
12,20
12,21
12,22
12,23
12,24
12,25
12,26
12,27
12,28
12,29
12,30
12,31
12,32
12,33
12,34
12,35
12,36
12,37
12,38
12,39
12,40
12,41
12,42
12,43
12,44
12,45
12,46
12,47
12,48
12,49
12,50
12,51
12,52
12,53
12,54
12,55
12,56
12,57
12,58
12,59
12,60
12,61
12,62
12,63
12,64
12,65
12,66
12,67
12,68
12,69
12,70
12,71
12,72
12,73
12,74
12,75
12,76
12,77
12,78
12,79
12,80
12,81
12,82
12,83
12,84
12,85
12,86
12,87
12,88
12,89
12,90
12,91
12,92
12,93
12,94
12,95
12,96
12,97
12,98
12,99
12,100
12,101
12,102
12,103
12,104
12,105
12,106
12,107
12,108
12,109
12,110
12,111
12,112
12,113
12,114
12,115
12,116
12,117
12,118
12,119
12,120
12,121
12,122
12,123
12,124
12,125
12,126
12,127
12,128
12,129
12,130
12,255
12,256
12,257
12,258
12,259
12,260
12,261
12,262
12,263
12,264
12,265
12,266
12,267
12,268
12,269
12,270
12,271
12,272
13,0
13,1
13,2
13,3
13,4
13,5
13,6
13,7
13,8
13,9
13,10
13,11
13,12
13,13
13,14
13,15
13,16
13,17
13,18
13,19
13,20
13,21
13,22
13,23
13,24
13,25
13,26
13,27
13,28
13,29
13,30
13,31
13,32
13,33
13,34
13,35
13,36
13,37
13,38
13,39
13,40
13,41
13,42
13,43
13,44
13,45
13,46
13,47
13,48
13,49
13,50
13,51
13,52
13,53
13,54
13,55
13,56
13,57
13,58
13,59
13,60
13,61
13,62
13,63
13,64
13,65
13,66
13,67
13,68
13,69
13,70
13,71
13,72
13,73
13,74
13,75
13,76
13,77
13,78
13,79
13,80
13,81
13,82
13,83
13,84
13,85
13,86
13,87
13,88
13,89
13,90
13,91
13,92
13,93
13,94
13,95
13,96
13,97
13,98
13,99
13,100
13,101
13,102
13,103
13,104
13,105
13,106
13,107
13,108
13,109
13,110
13,111
13,112
13,113
13,114
13,115
13,116
13,117
13,118
13,119
13,120
13,121
13,122
13,123
13,124
13,125
13,126
13,127
13,128
13,129
13,130
13,253
13,254
13,255
13,256
13,257
13,258
13,259
13,260
13,261
13,262
13,263
13,264
13,265
13,266
13,267
13,268
13,269
13,270
13,271
14,0
14,1
14,2
14,3
14,4
14,5
14,6
14,7
14,8
14,9
14,10
14,11
14,12
14,13
14,14
14,15
14,16
14,17
14,18
14,19
14,20
14,21
14,22
14,23
14,24
14,25
14,26
14,27
14,28
14,29
14,30
14,31
14,32
14,33
14,34
14,35
14,36
14,37
14,38
14,39
14,40
14,41
14,42
14,43
14,44
14,45
14,46
14,47
14,48
14,49
14,50
14,51
14,52
14,58
14,59
14,60
14,61
14,62
14,63
14,64
14,65
14,66
14,67
14,68
14,69
14,70
14,71
14,72
14,73
14,74
14,75
14,76
14,77
14,78
14,79
14,80
14,81
14,82
14,83
14,84
14,85
14,86
14,87
14,88
14,89
14,90
14,91
14,92
14,93
14,94
14,95
14,96
14,97
14,98
14,99
14,100
14,101
14,102
14,103
14,104
14,105
14,106
14,107
14,108
14,109
14,110
14,111
14,112
14,113
14,114
14,115
14,116
14,117
14,118
14,119
14,120
14,121
14,122
14,123
14,124
14,125
14,126
14,127
14,128
14,129
14,130
14,252
14,253
14,254
14,255
14,256
14,257
14,258
14,259
14,260
14,261
14,262
14,263
14,264
14,265
14,266
14,267
14,268
14,269
14,270
15,0
15,1
15,2
15,3
15,4
15,5
15,6
15,7
15,8
15,9
15,10
15,11
15,12
15,13
15,14
15,15
15,16
15,17
15,18
15,19
15,20
15,21
15,22
15,23
15,24
15,25
15,26
15,27
15,28
15,29
15,30
15,31
15,32
15,33
15,34
15,35
15,36
15,37
15,38
15,39
15,40
15,41
15,42
15,43
15,44
15,45
15,46
15,47
15,48
15,49
15,50
15,51
15,52
15,62
15,63
15,64
15,65
15,66
15,67
15,68
15,69
15,70
15,71
15,72
15,73
15,74
15,75
15,76
15,77
15,78
15,79
15,80
15,81
15,82
15,83
15,84
15,85
15,86
15,87
15,88
15,89
15,90
15,91
15,92
15,93
15,94
15,95
15,96
15,97
15,98
15,99
15,100
15,101
15,102
15,103
15,104
15,105
15,106
15,107
15,108
15,109
15,110
15,111
15,112
15,113
15,114
15,115
15,116
15,117
15,118
15,119
15,120
15,121
15,122
15,123
15,124
15,125
15,126
15,127
15,128
15,129
15,130
15,249
15,250
15,251
15,252
15,253
15,254
15,255
15,256
15,257
15,258
15,259
15,260
15,261
15,262
15,263
15,264
15,265
15,266
16,0
16,1
16,2
16,3
16,4
16,5
16,6
16,7
16,8
16,9
16,10
16,11
16,12
16,13
16,14
16,15
16,16
16,17
16,18
16,19
16,20
16,21
16,22
16,23
16,24
16,25
16,26
16,27
16,28
16,29
16,30
16,31
16,32
16,33
16,34
16,35
16,36
16,37
16,38
16,39
16,40
16,41
16,42
16,43
16,44
16,45
16,46
16,47
16,48
16,49
16,50
16,51
16,64
16,65
16,66
16,67
16,68
16,69
16,70
16,71
16,72
16,73
16,74
16,75
16,76
16,77
16,78
16,79
16,80
16,81
16,82
16,83
16,84
16,85
16,86
16,87
16,88
16,89
16,90
16,91
16,92
16,93
16,94
16,95
16,96
16,97
16,98
16,99
16,100
16,101
16,102
16,103
16,104
16,105
16,106
16,107
16,108
16,109
16,110
16,111
16,112
16,113
16,114
16,115
16,116
16,117
16,118
16,119
16,120
16,121
16,122
16,123
16,124
16,125
16,126
16,127
16,134
16,249
16,250
16,251
16,252
16,253
16,254
16,255
16,256
16,257
16,258
16,259
16,260
16,261
16,262
16,263
16,264
16,265
16,296
16,297
16,298
16,299
17,0
17,1
17,2
17,3
17,4
17,5
17,6
17,7
17,8
17,9
17,10
17,11
17,12
17,13
17,14
17,15
17,16
17,17
17,18
17,19
17,20
17,21
17,22
17,23
17,24
17,25
17,26
17,27
17,28
17,29
17,30
17,31
17,32
17,33
17,34
17,35
17,36
17,37
17,38
17,39
17,40
17,41
17,42
17,43
17,44
17,45
17,46
17,47
17,48
17,49
17,50
17,67
17,68
17,69
17,70
17,71
17,72
17,73
17,74
17,75
17,76
17,77
17,78
17,79
17,80
17,81
17,82
17,83
17,84
17,85
17,86
17,87
17,88
17,89
17,90
17,91
17,92
17,93
17,94
17,95
17,96
17,97
17,98
17,99
17,100
17,101
17,102
17,103
17,104
17,105
17,106
17,107
17,108
17,109
17,110
17,111
17,112
17,113
17,114
17,115
17,116
17,117
17,118
17,119
17,120
17,121
17,122
17,123
17,124
17,125
17,126
17,127
17,134
17,250
17,251
17,252
17,253
17,254
17,255
17,256
17,257
17,258
17,259
17,260
17,261
17,262
17,263
17,295
17,296
17,297
17,298
17,299
18,0
18,1
18,2
18,3
18,4
18,5
18,6
18,7
18,8
18,9
18,10
18,11
18,12
18,13
18,14
18,15
18,16
18,17
18,18
18,19
18,20
18,21
18,22
18,23
18,24
18,25
18,26
18,27
18,28
18,29
18,30
18,31
18,32
18,33
18,34
18,35
18,36
18,37
18,38
18,39
18,40
18,41
18,42
18,43
18,44
18,45
18,46
18,47
18,48
18,49
18,75
18,76
18,77
18,78
18,79
18,80
18,81
18,82
18,83
18,84
18,85
18,91
18,92
18,93
18,94
18,95
18,96
18,97
18,98
18,99
18,100
18,101
18,102
18,103
18,104
18,105
18,106
18,107
18,108
18,109
18,110
18,111
18,112
18,113
18,114
18,115
18,116
18,117
18,118
18,119
18,120
18,121
18,122
18,123
18,124
18,125
18,126
18,127
18,128
18,132
18,133
18,134
18,254
18,296
18,297
18,298
18,299
19,0
19,1
19,2
19,3
19,4
19,5
19,6
19,7
19,8
19,9
19,10
19,11
19,12
19,13
19,14
19,15
19,16
19,17
19,18
19,19
19,20
19,21
19,22
19,23
19,24
19,25
19,26
19,27
19,28
19,29
19,30
19,31
19,32
19,33
19,34
19,35
19,36
19,37
19,38
19,39
19,40
19,41
19,42
19,43
19,44
19,45
19,46
19,47
19,77
19,78
19,79
19,80
19,81
19,82
19,83
19,84
19,85
19,93
19,94
19,95
19,96
19,97
19,98
19,99
19,100
19,101
19,102
19,103
19,104
19,105
19,106
19,107
19,108
19,109
19,110
19,111
19,112
19,113
19,114
19,115
19,116
19,117
19,118
19,119
19,120
19,121
19,122
19,123
19,124
19,125
19,126
19,127
19,128
19,129
19,132
19,133
19,134
19,296
19,297
19,298
19,299
20,0
20,1
20,2
20,3
20,4
20,5
20,6
20,7
20,8
20,9
20,10
20,11
20,12
20,13
20,14
20,15
20,16
20,17
20,18
20,19
20,20
20,21
20,22
20,23
20,24
20,25
20,26
20,27
20,28
20,29
20,30
20,31
20,32
20,33
20,34
20,35
20,36
20,37
20,38
20,39
20,40
20,41
20,42
20,43
20,44
20,45
20,82
20,83
20,84
20,85
20,87
20,93
20,94
20,95
20,96
20,97
20,98
20,99
20,100
20,101
20,102
20,103
20,104
20,105
20,106
20,107
20,108
20,109
20,110
20,111
20,112
20,113
20,114
20,115
20,116
20,117
20,118
20,119
20,120
20,121
20,122
20,123
20,124
20,125
20,126
20,127
20,128
20,129
20,133
20,134
20,135
21,0
21,1
21,2
21,3
21,4
21,5
21,6
21,7
21,8
21,9
21,10
21,11
21,12
21,13
21,14
21,15
21,16
21,17
21,18
21,19
21,20
21,21
21,22
21,23
21,24
21,25
21,26
21,27
21,28
21,29
21,30
21,31
21,32
21,33
21,34
21,35
21,36
21,37
21,38
21,39
21,93
21,94
21,95
21,96
21,97
21,98
21,99
21,100
21,101
21,102
21,103
21,104
21,105
21,106
21,107
21,108
21,109
21,110
21,111
21,112
21,113
21,114
21,115
21,116
21,117
21,118
21,119
21,120
21,121
21,122
21,123
21,124
21,125
21,126
21,127
21,128
21,129
21,133
21,134
21,135
22,0
22,1
22,2
22,3
22,4
22,5
22,6
22,7
22,8
22,9
22,10
22,11
22,12
22,13
22,14
22,15
22,16
22,17
22,18
22,19
22,20
22,21
22,22
22,23
22,24
22,25
22,26
22,27
22,28
22,29
22,30
22,31
22,32
22,33
22,34
22,35
22,36
22,37
22,91
22,92
22,93
22,94
22,95
22,96
22,97
22,98
22,99
22,100
22,101
22,102
22,103
22,104
22,105
22,106
22,107
22,108
22,109
22,110
22,111
22,112
22,113
22,114
22,115
22,116
22,117
22,118
22,119
22,120
22,121
22,122
22,123
22,124
22,125
22,126
22,127
22,128
22,129
22,130
22,133
22,134
22,135
23,0
23,1
23,2
23,3
23,4
23,5
23,6
23,7
23,8
23,9
23,10
23,11
23,12
23,13
23,14
23,15
23,16
23,17
23,18
23,19
23,20
23,21
23,22
23,23
23,24
23,25
23,26
23,27
23,28
23,29
23,30
23,31
23,32
23,33
23,34
23,35
23,36
23,92
23,93
23,94
23,95
23,96
23,97
23,98
23,99
23,100
23,101
23,102
23,103
23,104
23,105
23,106
23,107
23,108
23,109
23,110
23,111
23,112
23,113
23,114
23,115
23,116
23,117
23,118
23,119
23,120
23,121
23,122
23,123
23,124
23,125
23,126
23,127
23,128
23,129
23,130
23,131
23,132
23,133
23,134
23,135
23,136
24,0
24,1
24,2
24,3
24,4
24,5
24,6
24,7
24,8
24,9
24,10
24,11
24,12
24,13
24,14
24,15
24,16
24,17
24,18
24,19
24,20
24,21
24,22
24,23
24,24
24,25
24,26
24,27
24,28
24,29
24,30
24,31
24,32
24,33
24,34
24,35
24,36
24,95
24,96
24,97
24,98
24,99
24,100
24,101
24,102
24,103
24,104
24,105
24,106
24,107
24,108
24,109
24,110
24,111
24,112
24,113
24,114
24,115
24,116
24,117
24,118
24,119
24,120
24,121
24,122
24,123
24,124
24,125
24,126
24,127
24,128
24,129
24,130
24,131
24,132
24,133
24,134
24,135
24,136
25,0
25,1
25,2
25,3
25,4
25,5
25,6
25,7
25,8
25,9
25,10
25,11
25,12
25,13
25,14
25,15
25,16
25,17
25,18
25,19
25,20
25,21
25,22
25,23
25,24
25,25
25,26
25,27
25,28
25,29
25,30
25,31
25,32
25,33
25,34
25,35
25,96
25,97
25,98
25,99
25,100
25,101
25,102
25,103
25,104
25,105
25,106
25,107
25,108
25,109
25,110
25,111
25,112
25,113
25,114
25,115
25,116
25,117
25,118
25,119
25,120
25,121
25,122
25,123
25,124
25,125
25,126
25,127
25,128
25,129
25,130
25,131
25,132
25,133
25,134
25,135
25,136
26,0
26,1
26,2
26,3
26,4
26,5
26,6
26,7
26,8
26,9
26,10
26,11
26,12
26,13
26,14
26,15
26,16
26,17
26,18
26,19
26,20
26,21
26,22
26,23
26,24
26,25
26,26
26,27
26,28
26,29
26,30
26,31
26,32
26,33
26,34
26,98
26,99
26,100
26,101
26,102
26,103
26,104
26,105
26,106
26,107
26,108
26,109
26,110
26,111
26,112
26,113
26,114
26,115
26,116
26,117
26,118
26,119
26,120
26,121
26,122
26,123
26,124
26,125
26,126
26,127
26,128
26,129
26,130
26,131
26,132
26,133
26,134
26,135
26,136
26,137
27,0
27,1
27,2
27,3
27,4
27,5
27,6
27,7
27,8
27,9
27,10
27,11
27,12
27,13
27,14
27,15
27,16
27,17
27,18
27,19
27,20
27,21
27,22
27,23
27,24
27,25
27,26
27,27
27,28
27,29
27,30
27,31
27,32
27,33
27,98
27,99
27,100
27,101
27,102
27,103
27,104
27,105
27,106
27,107
27,108
27,109
27,110
27,111
27,112
27,113
27,114
27,115
27,116
27,117
27,118
27,119
27,120
27,121
27,122
27,123
27,124
27,125
27,126
27,127
27,128
27,129
27,130
27,131
27,132
27,133
27,134
27,135
27,136
27,137
28,0
28,1
28,2
28,3
28,4
28,5
28,6
28,7
28,8
28,9
28,10
28,11
28,12
28,13
28,14
28,15
28,16
28,17
28,18
28,19
28,20
28,21
28,22
28,23
28,24
28,25
28,26
28,27
28,28
28,29
28,30
28,31
28,32
28,100
28,101
28,102
28,103
28,104
28,105
28,106
28,107
28,108
28,109
28,110
28,111
28,112
28,113
28,114
28,115
28,116
28,117
28,118
28,119
28,120
28,121
28,122
28,123
28,124
28,125
28,126
28,127
28,128
28,129
28,130
28,131
28,132
28,133
28,134
28,135
28,136
29,0
29,1
29,2
29,3
29,4
29,5
29,6
29,7
29,8
29,9
29,10
29,11
29,12
29,13
29,14
29,15
29,16
29,17
29,18
29,19
29,20
29,21
29,22
29,23
29,24
29,25
29,26
29,27
29,28
29,29
29,30
29,31
29,100
29,101
29,102
29,103
29,104
29,105
29,106
29,107
29,108
29,109
29,110
29,111
29,112
29,113
29,114
29,115
29,116
29,117
29,118
29,119
29,120
29,121
29,122
29,123
29,124
29,125
29,126
29,127
29,128
29,129
29,130
29,131
29,132
29,133
29,134
29,135
29,136
29,137
29,138
30,0
30,1
30,2
30,3
30,4
30,5
30,6
30,7
30,8
30,9
30,10
30,11
30,12
30,13
30,14
30,15
30,16
30,17
30,18
30,19
30,20
30,21
30,22
30,23
30,24
30,25
30,26
30,27
30,28
30,29
30,30
30,31
30,100
30,101
30,102
30,103
30,104
30,105
30,106
30,107
30,108
30,109
30,110
30,111
30,112
30,113
30,114
30,115
30,116
30,117
30,118
30,119
30,120
30,121
30,122
30,123
30,124
30,125
30,126
30,127
30,128
30,129
30,130
30,131
30,132
30,133
30,134
30,135
30,137
30,138
31,0
31,1
31,2
31,3
31,4
31,5
31,6
31,7
31,8
31,9
31,10
31,11
31,12
31,13
31,14
31,15
31,16
31,17
31,18
31,19
31,20
31,21
31,22
31,23
31,24
31,25
31,26
31,27
31,28
31,29
31,30
31,31
31,100
31,101
31,102
31,103
31,104
31,105
31,106
31,107
31,108
31,109
31,110
31,111
31,112
31,113
31,114
31,115
31,116
31,117
31,118
31,119
31,120
31,121
31,122
31,123
31,124
31,125
31,126
31,127
31,128
31,129
31,130
31,131
31,132
31,133
31,134
31,135
32,0
32,1
32,2
32,3
32,4
32,5
32,6
32,7
32,8
32,9
32,10
32,11
32,12
32,13
32,14
32,15
32,16
32,17
32,18
32,19
32,20
32,21
32,22
32,23
32,24
32,25
32,26
32,27
32,28
32,29
32,30
32,100
32,101
32,102
32,103
32,104
32,105
32,106
32,107
32,108
32,109
32,110
32,111
32,112
32,113
32,114
32,115
32,116
32,117
32,118
32,119
32,120
32,121
32,122
32,123
32,124
32,125
32,126
32,127
32,128
32,129
32,130
32,131
32,132
32,133
32,134
32,135
33,0
33,1
33,2
33,3
33,4
33,5
33,6
33,7
33,8
33,9
33,10
33,11
33,12
33,13
33,14
33,15
33,16
33,17
33,18
33,19
33,20
33,21
33,22
33,23
33,24
33,25
33,26
33,27
33,28
33,29
33,30
33,101
33,102
33,103
33,104
33,105
33,106
33,107
33,108
33,109
33,110
33,111
33,112
33,113
33,114
33,115
33,116
33,117
33,118
33,119
33,120
33,121
33,122
33,123
33,124
33,125
33,126
33,127
33,128
33,129
33,130
33,131
33,132
33,133
33,134
33,135
33,136
34,0
34,1
34,2
34,3
34,4
34,5
34,6
34,7
34,8
34,9
34,10
34,11
34,12
34,13
34,14
34,15
34,16
34,17
34,18
34,19
34,20
34,21
34,22
34,23
34,24
34,25
34,26
34,27
34,28
34,29
34,30
34,102
34,103
34,104
34,105
34,106
34,107
34,108
34,109
34,110
34,111
34,112
34,113
34,114
34,115
34,116
34,117
34,118
34,119
34,120
34,121
34,122
34,123
34,124
34,125
34,126
34,127
34,128
34,129
34,130
34,131
34,132
34,133
34,134
34,135
34,136
34,137
35,0
35,1
35,2
35,3
35,4
35,5
35,6
35,7
35,8
35,9
35,10
35,11
35,12
35,13
35,14
35,15
35,16
35,17
35,18
35,19
35,20
35,21
35,22
35,23
35,24
35,25
35,26
35,27
35,28
35,29
35,103
35,104
35,105
35,106
35,107
35,108
35,109
35,110
35,111
35,112
35,113
35,114
35,115
35,116
35,117
35,118
35,119
35,120
35,121
35,122
35,123
35,124
35,125
35,126
35,127
35,128
35,129
35,130
35,131
35,132
35,133
35,134
35,135
35,136
35,137
35,138
35,257
35,258
35,259
35,260
35,261
35,262
35,263
35,264
35,282
35,283
35,284
35,285
35,286
35,287
36,0
36,1
36,2
36,3
36,4
36,5
36,6
36,7
36,8
36,9
36,10
36,11
36,12
36,13
36,14
36,15
36,16
36,17
36,18
36,19
36,20
36,21
36,22
36,23
36,24
36,25
36,26
36,27
36,28
36,103
36,104
36,105
36,106
36,107
36,108
36,109
36,110
36,111
36,112
36,113
36,114
36,115
36,116
36,117
36,118
36,119
36,120
36,121
36,122
36,123
36,124
36,125
36,126
36,127
36,128
36,129
36,130
36,131
36,132
36,133
36,134
36,135
36,136
36,137
36,138
36,257
36,258
36,259
36,260
36,261
36,262
36,263
36,264
36,265
36,266
36,267
36,268
36,269
36,270
36,271
36,272
36,273
36,274
36,275
36,276
36,277
36,278
36,279
36,280
36,281
36,282
36,283
36,284
36,285
36,286
36,287
36,288
36,289
37,0
37,1
37,2
37,3
37,4
37,5
37,6
37,7
37,8
37,9
37,10
37,11
37,12
37,13
37,14
37,15
37,16
37,17
37,18
37,19
37,20
37,21
37,22
37,23
37,24
37,25
37,26
37,27
37,28
37,103
37,104
37,105
37,106
37,107
37,108
37,109
37,110
37,111
37,112
37,113
37,114
37,115
37,116
37,117
37,118
37,119
37,120
37,121
37,122
37,123
37,124
37,125
37,126
37,127
37,128
37,129
37,130
37,131
37,132
37,133
37,134
37,135
37,136
37,137
37,138
37,258
37,259
37,260
37,261
37,262
37,263
37,264
37,265
37,266
37,267
37,268
37,269
37,270
37,271
37,272
37,273
37,274
37,275
37,276
37,277
37,278
37,279
37,280
37,281
37,282
37,283
37,284
37,285
37,286
37,287
37,288
37,289
37,290
38,0
38,1
38,2
38,3
38,4
38,5
38,6
38,7
38,8
38,9
38,10
38,11
38,12
38,13
38,14
38,15
38,16
38,17
38,18
38,19
38,20
38,21
38,22
38,23
38,24
38,25
38,26
38,27
38,103
38,104
38,105
38,106
38,107
38,108
38,109
38,110
38,111
38,112
38,113
38,114
38,115
38,116
38,117
38,118
38,119
38,120
38,121
38,122
38,123
38,124
38,125
38,126
38,127
38,128
38,129
38,130
38,131
38,132
38,133
38,134
38,135
38,136
38,137
38,138
38,260
38,261
38,262
38,263
38,264
38,265
38,266
38,267
38,268
38,269
38,270
38,271
38,272
38,273
38,274
38,275
38,276
38,277
38,278
38,279
38,280
38,281
38,282
38,283
38,284
38,285
38,286
38,287
38,288
38,289
38,290
38,291
38,292
38,293
38,294
38,295
38,296
38,297
39,0
39,1
39,2
39,3
39,4
39,5
39,6
39,7
39,8
39,9
39,10
39,11
39,12
39,13
39,14
39,15
39,16
39,17
39,18
39,19
39,20
39,21
39,22
39,23
39,24
39,25
39,26
39,103
39,104
39,105
39,106
39,107
39,108
39,109
39,110
39,111
39,112
39,113
39,114
39,115
39,116
39,117
39,118
39,119
39,120
39,121
39,122
39,123
39,124
39,125
39,126
39,127
39,128
39,129
39,130
39,131
39,132
39,133
39,134
39,135
39,136
39,137
39,138
39,261
39,262
39,263
39,264
39,265
39,266
39,267
39,268
39,269
39,270
39,271
39,272
39,273
39,274
39,275
39,276
39,277
39,278
39,279
39,280
39,281
39,282
39,283
39,284
39,285
39,286
39,287
39,288
39,289
39,290
39,291
39,292
39,293
39,294
39,295
39,296
39,297
39,298
40,0
40,1
40,2
40,3
40,4
40,5
40,6
40,7
40,8
40,9
40,10
40,11
40,12
40,13
40,14
40,15
40,16
40,17
40,18
40,19
40,20
40,21
40,22
40,23
40,24
40,25
40,103
40,104
40,105
40,106
40,107
40,108
40,109
40,110
40,111
40,112
40,113
40,114
40,115
40,116
40,117
40,118
40,119
40,120
40,121
40,122
40,123
40,124
40,125
40,126
40,127
40,128
40,129
40,130
40,131
40,132
40,133
40,134
40,135
40,136
40,137
40,138
40,139
40,263
40,264
40,265
40,266
40,267
40,268
40,269
40,270
40,271
40,272
40,273
40,274
40,275
40,276
40,277
40,278
40,279
40,280
40,281
40,282
40,283
40,284
40,285
40,286
40,287
40,288
40,289
40,290
40,291
40,292
40,293
40,294
41,0
41,1
41,2
41,3
41,4
41,5
41,6
41,7
41,8
41,9
41,10
41,11
41,12
41,13
41,14
41,15
41,16
41,17
41,18
41,19
41,20
41,21
41,22
41,23
41,24
41,103
41,104
41,105
41,106
41,107
41,108
41,109
41,110
41,111
41,112
41,113
41,114
41,115
41,116
41,117
41,118
41,119
41,120
41,121
41,122
41,123
41,124
41,125
41,126
41,127
41,128
41,129
41,130
41,131
41,132
41,133
41,134
41,135
41,136
41,137
41,138
41,139
41,144
41,145
41,263
41,264
41,265
41,266
41,267
41,268
41,269
41,270
41,271
41,272
41,273
41,274
41,275
41,276
41,277
41,278
41,279
41,280
41,281
41,282
41,283
41,284
41,285
41,286
41,287
41,288
41,289
41,290
41,291
41,292
41,293
42,0
42,1
42,2
42,3
42,4
42,5
42,6
42,7
42,8
42,9
42,10
42,11
42,12
42,13
42,14
42,15
42,16
42,17
42,18
42,19
42,20
42,21
42,22
42,23
42,103
42,104
42,105
42,106
42,107
42,108
42,109
42,110
42,111
42,112
42,113
42,114
42,115
42,116
42,117
42,118
42,119
42,120
42,121
42,122
42,123
42,124
42,125
42,126
42,127
42,128
42,129
42,130
42,131
42,132
42,133
42,134
42,135
42,136
42,137
42,138
42,139
42,140
42,145
42,146
42,263
42,264
42,265
42,266
42,267
42,268
42,269
42,270
42,271
42,272
42,273
42,274
42,275
42,276
42,277
42,278
42,279
42,280
42,281
42,282
42,283
42,284
42,285
42,286
42,287
42,288
42,289
42,290
42,291
42,292
43,0
43,1
43,2
43,3
43,4
43,5
43,6
43,7
43,8
43,9
43,10
43,11
43,12
43,13
43,14
43,15
43,16
43,17
43,18
43,19
43,20
43,21
43,22
43,103
43,104
43,105
43,106
43,107
43,108
43,109
43,110
43,111
43,112
43,113
43,114
43,115
43,116
43,117
43,118
43,119
43,120
43,121
43,122
43,123
43,124
43,125
43,126
43,127
43,128
43,129
43,130
43,131
43,132
43,133
43,134
43,135
43,136
43,137
43,138
43,139
43,140
43,141
43,263
43,264
43,265
43,266
43,267
43,268
43,269
43,270
43,271
43,272
43,273
43,274
43,275
43,276
43,277
43,278
43,279
43,280
43,281
43,282
43,283
43,284
43,285
43,286
43,287
43,288
43,289
43,290
43,291
44,0
44,1
44,2
44,3
44,4
44,5
44,6
44,7
44,8
44,9
44,10
44,11
44,12
44,13
44,14
44,15
44,16
44,17
44,18
44,19
44,20
44,21
44,103
44,104
44,105
44,106
44,107
44,108
44,109
44,110
44,111
44,112
44,113
44,114
44,115
44,116
44,117
44,118
44,119
44,120
44,121
44,122
44,123
44,124
44,125
44,126
44,127
44,128
44,129
44,130
44,131
44,132
44,133
44,134
44,135
44,136
44,137
44,138
44,139
44,140
44,141
44,142
44,143
44,245
44,261
44,262
44,263
44,264
44,265
44,266
44,267
44,268
44,269
44,270
44,271
44,272
44,273
44,274
44,275
44,276
44,277
44,278
44,279
44,280
44,281
44,282
44,283
44,284
45,0
45,1
45,2
45,3
45,4
45,5
45,6
45,7
45,8
45,9
45,10
45,11
45,12
45,13
45,14
45,15
45,16
45,17
45,18
45,19
45,20
45,21
45,104
45,105
45,106
45,107
45,108
45,109
45,110
45,111
45,112
45,113
45,114
45,115
45,116
45,117
45,118
45,119
45,120
45,121
45,122
45,123
45,124
45,125
45,126
45,127
45,128
45,129
45,130
45,131
45,132
45,133
45,134
45,135
45,136
45,137
45,138
45,139
45,140
45,141
45,142
45,143
45,144
45,251
45,252
45,253
45,254
45,255
45,256
45,257
45,258
45,259
45,260
45,261
45,262
45,263
45,264
45,265
45,266
45,267
45,268
45,269
45,270
45,271
45,272
45,273
45,274
45,275
45,276
45,277
45,278
45,279
45,280
45,281
46,0
46,1
46,2
46,3
46,4
46,5
46,6
46,7
46,8
46,9
46,10
46,11
46,12
46,13
46,14
46,15
46,16
46,17
46,18
46,19
46,20
46,104
46,105
46,106
46,107
46,108
46,109
46,110
46,111
46,112
46,113
46,114
46,115
46,116
46,117
46,118
46,119
46,120
46,121
46,122
46,123
46,124
46,125
46,126
46,127
46,128
46,129
46,130
46,131
46,132
46,133
46,134
46,135
46,136
46,137
46,138
46,139
46,140
46,141
46,142
46,143
46,144
46,145
46,243
46,250
46,251
46,252
46,253
46,254
46,255
46,256
46,257
46,258
46,259
46,260
46,261
46,262
46,263
46,264
46,265
46,266
46,267
46,268
46,269
46,270
46,271
46,272
46,273
46,274
46,275
46,276
46,277
46,278
46,279
46,280
47,0
47,1
47,2
47,3
47,4
47,5
47,6
47,7
47,8
47,9
47,10
47,11
47,12
47,13
47,14
47,15
47,16
47,17
47,18
47,19
47,20
47,105
47,106
47,107
47,108
47,109
47,110
47,111
47,112
47,113
47,114
47,115
47,116
47,117
47,118
47,119
47,120
47,121
47,122
47,123
47,124
47,125
47,126
47,127
47,128
47,129
47,130
47,131
47,132
47,133
47,134
47,135
47,136
47,137
47,138
47,139
47,140
47,141
47,142
47,143
47,144
47,145
47,242
47,243
47,249
47,250
47,251
47,252
47,253
47,254
47,255
47,256
47,257
47,258
47,259
47,260
47,261
47,262
47,263
47,264
47,265
47,266
47,267
47,268
47,269
47,270
47,271
47,272
47,273
47,274
47,275
47,276
47,277
47,278
47,279
47,280
48,0
48,1
48,2
48,3
48,4
48,5
48,6
48,7
48,8
48,9
48,10
48,11
48,12
48,13
48,14
48,15
48,16
48,17
48,18
48,19
48,105
48,106
48,107
48,108
48,109
48,110
48,111
48,112
48,113
48,114
48,115
48,116
48,117
48,118
48,119
48,120
48,121
48,122
48,123
48,124
48,125
48,126
48,127
48,128
48,129
48,130
48,131
48,132
48,133
48,134
48,135
48,136
48,137
48,138
48,139
48,140
48,141
48,142
48,143
48,144
48,145
48,146
48,240
48,248
48,249
48,250
48,251
48,252
48,253
48,254
48,255
48,256
48,257
48,258
48,259
48,260
48,261
48,262
48,263
48,264
48,265
48,266
48,267
48,268
48,269
48,270
48,271
48,272
48,273
48,274
48,275
48,276
48,277
48,278
48,279
48,280
49,0
49,1
49,2
49,3
49,4
49,5
49,6
49,7
49,8
49,9
49,10
49,11
49,12
49,13
49,14
49,15
49,16
49,17
49,18
49,19
49,107
49,108
49,109
49,110
49,111
49,112
49,113
49,114
49,115
49,116
49,117
49,118
49,119
49,120
49,121
49,122
49,123
49,124
49,125
49,126
49,127
49,128
49,129
49,130
49,131
49,132
49,133
49,134
49,135
49,136
49,137
49,138
49,139
49,140
49,141
49,142
49,143
49,144
49,145
49,146
49,247
49,248
49,249
49,250
49,251
49,252
49,253
49,254
49,255
49,256
49,257
49,258
49,259
49,260
49,261
49,262
49,263
49,264
49,265
49,266
49,267
49,268
49,269
49,270
49,271
49,272
49,273
49,274
49,275
49,276
49,277
49,278
49,279
50,0
50,1
50,2
50,3
50,4
50,5
50,6
50,7
50,8
50,9
50,10
50,11
50,12
50,13
50,14
50,15
50,16
50,17
50,18
50,19
50,109
50,110
50,111
50,112
50,113
50,114
50,115
50,116
50,117
50,118
50,119
50,120
50,121
50,122
50,123
50,124
50,125
50,126
50,127
50,128
50,129
50,130
50,131
50,132
50,133
50,134
50,135
50,136
50,137
50,138
50,139
50,140
50,141
50,142
50,143
50,144
50,145
50,146
50,247
50,248
50,249
50,250
50,251
50,252
50,253
50,254
50,255
50,256
50,257
50,258
50,259
50,260
50,261
50,262
50,263
50,264
50,265
50,266
50,267
50,268
50,269
50,270
50,271
50,272
50,273
51,0
51,1
51,2
51,3
51,4
51,5
51,6
51,7
51,8
51,9
51,10
51,11
51,12
51,13
51,14
51,15
51,16
51,17
51,18
51,19
51,111
51,112
51,113
51,114
51,115
51,116
51,117
51,118
51,119
51,120
51,121
51,122
51,123
51,124
51,125
51,126
51,127
51,128
51,129
51,130
51,131
51,132
51,133
51,134
51,135
51,136
51,137
51,138
51,139
51,140
51,141
51,142
51,143
51,144
51,145
51,146
51,247
51,248
51,249
51,250
51,251
51,252
51,253
51,254
51,255
51,256
51,257
51,258
51,259
51,260
51,261
51,262
51,263
51,264
51,265
51,266
51,267
51,268
51,269
51,270
51,271
52,0
52,1
52,2
52,3
52,4
52,5
52,6
52,7
52,8
52,9
52,10
52,11
52,12
52,13
52,14
52,15
52,16
52,17
52,18
52,19
52,115
52,116
52,117
52,118
52,119
52,120
52,121
52,122
52,123
52,124
52,125
52,126
52,127
52,128
52,129
52,130
52,131
52,132
52,133
52,134
52,135
52,136
52,137
52,138
52,139
52,140
52,141
52,142
52,143
52,144
52,145
52,246
52,247
52,248
52,249
52,250
52,251
52,252
52,253
52,254
52,255
52,256
52,257
52,258
52,259
52,260
52,261
52,262
52,263
52,264
52,265
52,266
52,267
53,0
53,1
53,2
53,3
53,4
53,5
53,6
53,7
53,8
53,9
53,10
53,11
53,12
53,13
53,14
53,15
53,16
53,17
53,18
53,19
53,123
53,124
53,125
53,126
53,127
53,128
53,129
53,130
53,131
53,132
53,133
53,134
53,135
53,136
53,137
53,138
53,139
53,140
53,141
53,142
53,143
53,144
53,145
53,246
53,247
53,248
53,249
53,250
53,251
53,252
53,253
53,254
53,255
53,256
53,257
53,258
53,259
53,260
53,261
53,262
53,263
53,264
53,265
54,0
54,1
54,2
54,3
54,4
54,5
54,6
54,7
54,8
54,9
54,10
54,11
54,12
54,13
54,14
54,15
54,16
54,17
54,18
54,19
54,125
54,126
54,127
54,128
54,129
54,130
54,131
54,132
54,133
54,134
54,135
54,136
54,137
54,138
54,139
54,140
54,141
54,142
54,143
54,144
54,192
54,193
54,194
54,246
54,247
54,248
54,249
54,250
54,251
54,252
54,253
54,254
54,255
54,256
54,257
54,258
54,259
54,260
54,261
54,262
54,263
54,264
55,0
55,1
55,2
55,3
55,4
55,5
55,6
55,7
55,8
55,9
55,10
55,11
55,12
55,13
55,14
55,15
55,16
55,17
55,18
55,19
55,130
55,131
55,132
55,133
55,140
55,141
55,142
55,143
55,192
55,193
55,194
55,195
55,196
55,197
55,245
55,246
55,247
55,248
55,249
55,250
55,251
55,252
55,253
55,254
55,255
55,256
55,257
55,258
55,259
55,260
55,261
55,262
55,263
56,0
56,1
56,2
56,3
56,4
56,5
56,6
56,7
56,8
56,9
56,10
56,11
56,12
56,13
56,14
56,15
56,16
56,17
56,18
56,19
56,193
56,194
56,195
56,196
56,197
56,235
56,236
56,237
56,238
56,239
56,240
56,241
56,242
56,243
56,244
56,245
56,246
56,247
56,248
56,249
56,250
56,251
56,252
56,253
56,254
56,255
56,256
56,257
56,258
56,259
56,260
56,261
56,262
57,0
57,1
57,2
57,3
57,4
57,5
57,6
57,7
57,8
57,9
57,10
57,11
57,12
57,13
57,14
57,15
57,16
57,192
57,193
57,194
57,195
57,196
57,228
57,229
57,230
57,231
57,232
57,233
57,234
57,235
57,236
57,237
57,238
57,239
57,240
57,241
57,242
57,243
57,244
57,245
57,246
57,247
57,248
57,249
57,250
57,251
57,252
57,253
57,254
57,255
57,256
57,257
57,258
57,259
58,0
58,1
58,2
58,3
58,4
58,5
58,6
58,7
58,8
58,9
58,10
58,11
58,12
58,13
58,14
58,15
58,16
58,192
58,193
58,194
58,195
58,227
58,228
58,229
58,230
58,231
58,232
58,233
58,234
58,235
58,236
58,237
58,238
58,239
58,240
58,241
58,242
58,243
58,244
58,245
58,246
58,247
58,248
58,249
58,250
58,251
58,252
58,253
58,254
58,255
58,256
58,257
59,0
59,1
59,2
59,3
59,4
59,5
59,6
59,7
59,8
59,9
59,10
59,11
59,12
59,13
59,14
59,15
59,171
59,172
59,173
59,174
59,175
59,176
59,177
59,178
59,225
59,226
59,227
59,228
59,229
59,230
59,231
59,232
59,233
59,234
59,235
59,236
59,237
59,238
59,239
59,240
59,241
59,242
59,243
59,244
59,245
59,246
59,247
59,248
59,249
59,250
59,251
59,252
59,253
59,254
59,255
59,256
60,0
60,1
60,2
60,3
60,4
60,5
60,6
60,7
60,8
60,9
60,10
60,11
60,12
60,13
60,14
60,15
60,176
60,177
60,178
60,179
60,180
60,195
60,224
60,225
60,226
60,227
60,228
60,229
60,230
60,231
60,232
60,233
60,234
60,235
60,236
60,237
60,238
60,239
60,240
60,241
60,242
60,243
60,244
60,245
60,246
60,247
60,248
60,249
60,250
60,251
60,255
60,256
61,0
61,1
61,2
61,3
61,4
61,5
61,6
61,7
61,8
61,9
61,10
61,11
61,12
61,13
61,14
61,176
61,177
61,178
61,179
61,180
61,216
61,217
61,218
61,219
61,220
61,221
61,222
61,223
61,224
61,225
61,226
61,227
61,228
61,229
61,230
61,231
61,232
61,233
61,234
61,235
61,236
61,237
61,238
61,239
61,240
61,241
61,242
61,243
61,244
61,245
61,246
61,247
61,248
61,249
62,0
62,1
62,2
62,3
62,4
62,5
62,6
62,7
62,8
62,9
62,10
62,11
62,12
62,13
62,14
62,176
62,177
62,178
62,179
62,180
62,212
62,213
62,214
62,215
62,216
62,217
62,218
62,219
62,220
62,221
62,222
62,223
62,224
62,225
62,226
62,227
62,228
62,229
62,230
62,231
62,232
62,233
62,234
62,235
62,236
62,237
62,238
62,239
62,240
62,241
62,242
62,243
62,244
62,245
62,246
62,247
63,0
63,1
63,2
63,3
63,4
63,5
63,6
63,7
63,8
63,9
63,10
63,11
63,12
63,13
63,14
63,176
63,177
63,178
63,179
63,180
63,181
63,182
63,183
63,184
63,185
63,186
63,187
63,207
63,208
63,209
63,210
63,211
63,212
63,213
63,214
63,215
63,216
63,217
63,218
63,219
63,220
63,221
63,222
63,223
63,224
63,225
63,226
63,227
63,228
63,229
63,230
63,231
63,232
63,233
63,234
63,235
63,236
63,237
63,238
63,239
63,240
63,241
63,242
63,243
63,244
63,245
63,246
64,0
64,1
64,2
64,3
64,4
64,5
64,6
64,7
64,8
64,9
64,10
64,11
64,12
64,13
64,14
64,176
64,177
64,178
64,179
64,180
64,181
64,182
64,183
64,184
64,185
64,186
64,187
64,188
64,205
64,206
64,207
64,208
64,209
64,210
64,211
64,212
64,213
64,214
64,215
64,216
64,217
64,218
64,219
64,220
64,221
64,222
64,223
64,224
64,225
64,226
64,227
64,228
64,229
64,230
64,231
64,232
64,233
64,234
64,235
64,236
64,237
64,238
64,239
64,240
64,241
64,242
64,243
64,244
64,299
65,0
65,1
65,2
65,3
65,4
65,5
65,6
65,7
65,8
65,9
65,10
65,11
65,12
65,13
65,177
65,178
65,179
65,180
65,181
65,182
65,183
65,184
65,185
65,186
65,187
65,188
65,189
65,190
65,203
65,204
65,205
65,206
65,207
65,208
65,209
65,210
65,211
65,212
65,213
65,214
65,215
65,216
65,217
65,218
65,219
65,220
65,221
65,222
65,223
65,224
65,225
65,226
65,227
65,228
65,229
65,230
65,231
65,232
65,233
65,234
65,235
66,0
66,1
66,2
66,3
66,4
66,5
66,6
66,7
66,8
66,9
66,10
66,11
66,12
66,13
66,178
66,179
66,180
66,181
66,182
66,183
66,184
66,185
66,186
66,187
66,188
66,189
66,190
66,209
66,210
66,211
66,212
66,213
66,214
66,215
66,216
66,217
66,218
66,219
66,220
66,221
66,222
66,223
66,224
66,225
66,226
66,227
66,228
66,229
66,230
66,231
66,232
66,233
66,234
66,245
67,0
67,1
67,2
67,3
67,4
67,5
67,6
67,7
67,8
67,9
67,10
67,11
67,12
67,13
67,179
67,180
67,181
67,182
67,183
67,184
67,185
67,186
67,187
67,188
67,189
67,190
67,191
67,192
67,209
67,210
67,211
67,212
67,213
67,214
67,215
67,216
67,217
67,218
67,219
67,220
67,221
67,222
67,223
67,224
67,225
67,226
67,227
67,228
67,229
67,230
67,231
67,232
67,233
68,0
68,1
68,2
68,3
68,4
68,5
68,6
68,7
68,8
68,9
68,10
68,11
68,12
68,13
68,180
68,181
68,182
68,183
68,184
68,185
68,186
68,187
68,188
68,189
68,190
68,191
68,192
68,193
68,209
68,210
68,211
68,212
68,213
68,214
68,215
68,216
68,217
68,218
68,219
68,220
68,221
68,222
68,223
68,224
68,225
68,226
68,227
68,228
68,229
68,230
68,231
68,232
68,299
69,0
69,1
69,2
69,3
69,4
69,5
69,6
69,7
69,8
69,9
69,10
69,11
69,12
69,13
69,183
69,184
69,185
69,186
69,187
69,188
69,189
69,190
69,191
69,192
69,193
69,194
69,195
69,196
69,197
69,198
69,199
69,200
69,201
69,202
69,203
69,204
69,205
69,206
69,207
69,208
69,209
69,210
69,211
69,212
69,213
69,214
69,215
69,216
69,217
69,218
69,219
69,220
69,221
69,222
69,223
69,224
69,225
69,226
69,227
69,228
69,229
69,230
69,231
69,298
69,299
70,0
70,1
70,2
70,3
70,4
70,5
70,6
70,7
70,8
70,9
70,10
70,11
70,12
70,13
70,14
70,188
70,189
70,190
70,191
70,192
70,193
70,194
70,195
70,196
70,197
70,198
70,199
70,200
70,201
70,202
70,203
70,204
70,205
70,206
70,207
70,208
70,209
70,210
70,211
70,212
70,213
70,214
70,215
70,216
70,217
70,218
70,219
70,220
70,221
70,222
70,223
70,224
70,225
70,226
70,227
71,0
71,1
71,2
71,3
71,4
71,5
71,6
71,7
71,8
71,9
71,10
71,11
71,12
71,13
71,14
71,190
71,191
71,192
71,193
71,194
71,195
71,196
71,197
71,198
71,199
71,200
71,201
71,202
71,203
71,204
71,205
71,206
71,207
71,208
71,209
71,210
71,211
71,212
71,213
71,214
71,215
71,216
71,217
71,218
71,219
71,220
71,221
71,222
71,278
72,0
72,1
72,2
72,3
72,4
72,5
72,6
72,7
72,8
72,9
72,10
72,11
72,12
72,13
72,14
72,196
72,197
72,198
72,199
72,200
72,201
72,202
72,203
72,204
72,205
72,206
72,207
72,208
72,209
72,210
72,211
72,212
72,213
72,214
72,215
72,216
72,217
72,218
72,219
72,220
72,289
73,0
73,1
73,2
73,3
73,4
73,5
73,6
73,7
73,8
73,9
73,10
73,11
73,12
73,13
73,14
73,200
73,201
73,202
73,203
73,204
73,205
73,206
73,207
73,208
73,209
73,210
73,211
73,212
74,0
74,1
74,2
74,3
74,4
74,5
74,6
74,7
74,8
74,9
74,10
74,11
74,12
74,13
74,14
75,0
75,1
75,2
75,3
75,4
75,5
75,6
75,7
75,8
75,9
75,10
75,11
75,12
75,13
75,14
76,0
76,1
76,2
76,3
76,4
76,5
76,6
76,7
76,8
76,9
76,10
76,11
76,12
76,13
76,14
77,0
77,1
77,2
77,3
77,4
77,5
77,6
77,7
77,8
77,9
77,10
77,11
77,12
77,13
77,14
77,282
77,286
78,0
78,1
78,2
78,3
78,4
78,5
78,6
78,7
78,8
78,9
78,10
78,11
78,12
78,13
78,14
78,279
79,0
79,1
79,2
79,3
79,4
79,5
79,6
79,7
79,8
79,9
79,10
79,11
79,12
79,13
79,14
79,232
79,270
80,0
80,1
80,2
80,3
80,4
80,5
80,6
80,7
80,8
80,9
80,10
80,11
80,12
80,13
80,14
80,270
80,275
81,0
81,1
81,2
81,3
81,4
81,5
81,6
81,7
81,8
81,9
81,10
81,11
81,12
81,13
81,14
81,255
81,256
81,257
81,273
82,0
82,1
82,2
82,3
82,4
82,5
82,6
82,7
82,8
82,9
82,10
82,11
82,12
82,13
82,14
82,254
82,255
82,256
82,257
83,0
83,1
83,2
83,3
83,4
83,5
83,6
83,7
83,8
83,9
83,10
83,11
83,12
83,13
83,14
83,254
83,255
83,256
83,257
84,0
84,1
84,2
84,3
84,4
84,5
84,6
84,7
84,8
84,9
84,10
84,11
84,12
84,13
84,14
84,15
84,254
84,255
84,256
84,257
84,294
85,0
85,1
85,2
85,3
85,4
85,5
85,6
85,7
85,8
85,9
85,10
85,11
85,12
85,13
85,14
85,15
85,253
85,254
85,255
85,256
85,257
85,294
86,0
86,1
86,2
86,3
86,4
86,5
86,6
86,7
86,8
86,9
86,10
86,11
86,12
86,13
86,14
86,15
86,254
86,255
86,256
87,0
87,1
87,2
87,3
87,4
87,5
87,6
87,7
87,8
87,9
87,10
87,11
87,12
87,13
87,14
87,15
87,252
87,253
87,254
87,255
87,256
88,0
88,1
88,2
88,3
88,4
88,5
88,6
88,7
88,8
88,9
88,10
88,11
88,12
88,13
88,14
88,15
88,251
88,252
88,253
88,254
88,283
89,0
89,1
89,2
89,3
89,4
89,5
89,6
89,7
89,8
89,9
89,10
89,11
89,12
89,13
89,14
89,15
89,250
89,251
89,252
89,253
89,254
90,0
90,1
90,2
90,3
90,4
90,5
90,6
90,7
90,8
90,9
90,10
90,11
90,12
90,13
90,14
90,15
90,249
90,250
90,251
90,252
90,253
90,254
90,255
91,0
91,1
91,2
91,3
91,4
91,5
91,6
91,7
91,8
91,9
91,10
91,11
91,12
91,13
91,14
91,15
91,209
91,247
91,248
91,249
91,250
91,251
91,252
91,253
91,254
91,255
92,0
92,1
92,2
92,3
92,4
92,5
92,6
92,7
92,8
92,9
92,10
92,11
92,12
92,13
92,14
92,15
92,16
92,210
92,211
92,248
92,249
92,250
92,251
92,252
92,253
92,254
93,0
93,1
93,2
93,3
93,4
93,5
93,6
93,7
93,8
93,9
93,10
93,11
93,12
93,13
93,14
93,15
93,16
93,249
93,250
93,251
93,252
93,253
93,273
94,0
94,1
94,2
94,3
94,4
94,5
94,6
94,7
94,8
94,9
94,10
94,11
94,12
94,13
94,14
94,15
94,16
94,250
94,251
94,252
94,253
95,0
95,1
95,2
95,3
95,4
95,5
95,6
95,7
95,8
95,9
95,10
95,11
95,12
95,13
95,14
95,15
95,16
95,17
95,250
95,251
95,252
96,0
96,1
96,2
96,3
96,4
96,5
96,6
96,7
96,8
96,9
96,10
96,11
96,12
96,13
96,14
96,15
96,16
96,17
96,251
96,252
96,259
97,0
97,1
97,2
97,3
97,4
97,5
97,6
97,7
97,8
97,9
97,10
97,11
97,12
97,13
97,14
97,15
97,16
97,17
97,250
97,251
97,252
97,260
98,0
98,1
98,2
98,3
98,4
98,5
98,6
98,7
98,8
98,9
98,10
98,11
98,12
98,13
98,14
98,15
98,16
98,17
98,250
98,251
99,0
99,1
99,2
99,3
99,4
99,5
99,6
99,7
99,8
99,9
99,10
99,11
99,12
99,13
99,14
99,15
99,16
99,17
99,18
99,19
99,215
99,216
99,217
99,218
99,219
99,220
100,0
100,1
100,2
100,3
100,4
100,5
100,6
100,7
100,8
100,9
100,10
100,11
100,12
100,13
100,14
100,15
100,16
100,17
100,18
100,19
100,215
100,216
100,217
100,218
100,219
100,220
100,221
100,222
100,223
101,0
101,1
101,2
101,3
101,4
101,5
101,6
101,7
101,8
101,9
101,10
101,11
101,12
101,13
101,14
101,15
101,16
101,17
101,18
101,19
101,20
101,215
101,216
101,217
101,218
101,219
101,220
101,221
101,222
101,223
101,268
102,0
102,1
102,2
102,3
102,4
102,5
102,6
102,7
102,8
102,9
102,10
102,11
102,12
102,13
102,14
102,15
102,16
102,17
102,18
102,19
102,20
102,215
102,216
102,217
102,218
102,219
102,220
102,221
102,222
102,223
103,0
103,1
103,2
103,3
103,4
103,5
103,6
103,7
103,8
103,9
103,10
103,11
103,12
103,13
103,14
103,15
103,16
103,17
103,18
103,19
103,20
103,214
103,215
103,216
103,217
103,218
103,219
103,220
103,221
103,222
103,223
104,0
104,1
104,2
104,3
104,4
104,5
104,6
104,7
104,8
104,9
104,10
104,11
104,12
104,13
104,14
104,15
104,16
104,17
104,18
104,19
104,20
104,21
104,214
104,215
104,216
104,217
104,218
104,219
104,220
104,221
104,222
104,223
104,224
105,0
105,1
105,2
105,3
105,4
105,5
105,6
105,7
105,8
105,9
105,10
105,11
105,12
105,13
105,14
105,15
105,16
105,17
105,18
105,19
105,20
105,21
105,213
105,214
105,215
105,216
105,217
105,218
105,219
105,220
105,221
105,222
105,223
105,224
105,225
105,237
106,0
106,1
106,2
106,3
106,4
106,5
106,6
106,7
106,8
106,9
106,10
106,11
106,12
106,13
106,14
106,15
106,16
106,17
106,18
106,19
106,20
106,21
106,213
106,214
106,215
106,216
106,217
106,218
106,219
106,220
106,221
106,222
106,223
106,224
106,225
107,0
107,1
107,2
107,3
107,4
107,5
107,6
107,7
107,8
107,9
107,10
107,11
107,12
107,13
107,14
107,15
107,16
107,17
107,18
107,19
107,20
107,21
107,211
107,212
107,213
107,214
107,215
107,216
107,217
107,218
107,219
107,220
107,221
107,222
107,223
107,224
107,225
107,226
108,0
108,1
108,2
108,3
108,4
108,5
108,6
108,7
108,8
108,9
108,10
108,11
108,12
108,13
108,14
108,15
108,16
108,17
108,18
108,19
108,20
108,21
108,208
108,209
108,210
108,211
108,212
108,213
108,214
108,215
108,216
108,217
108,218
108,219
108,220
108,221
108,222
108,223
108,224
108,225
108,226
108,239
108,260
108,261
109,0
109,1
109,2
109,3
109,4
109,5
109,6
109,7
109,8
109,9
109,10
109,11
109,12
109,13
109,14
109,15
109,16
109,17
109,18
109,19
109,20
109,21
109,207
109,208
109,209
109,210
109,211
109,212
109,213
109,214
109,215
109,216
109,217
109,218
109,219
109,220
109,221
109,222
109,223
109,224
109,225
109,226
109,261
109,262
110,0
110,1
110,2
110,3
110,4
110,5
110,6
110,7
110,8
110,9
110,10
110,11
110,12
110,13
110,14
110,15
110,16
110,17
110,18
110,19
110,20
110,21
110,207
110,208
110,209
110,210
110,211
110,212
110,213
110,214
110,215
110,216
110,217
110,218
110,219
110,220
110,221
110,222
110,223
110,224
110,225
110,226
110,261
110,262
111,0
111,1
111,2
111,3
111,4
111,5
111,6
111,7
111,8
111,9
111,10
111,11
111,12
111,13
111,14
111,15
111,16
111,17
111,18
111,19
111,20
111,21
111,207
111,208
111,209
111,210
111,211
111,212
111,213
111,214
111,215
111,216
111,217
111,218
111,219
111,220
111,221
111,222
111,223
111,224
111,225
111,226
111,261
111,262
112,0
112,1
112,2
112,3
112,4
112,5
112,6
112,7
112,8
112,9
112,10
112,11
112,12
112,13
112,14
112,15
112,16
112,17
112,18
112,19
112,20
112,21
112,207
112,208
112,209
112,210
112,211
112,212
112,213
112,214
112,215
112,216
112,217
112,218
112,219
112,220
112,221
112,222
112,223
112,224
112,225
112,226
112,261
112,262
112,263
113,0
113,1
113,2
113,3
113,4
113,5
113,6
113,7
113,8
113,9
113,10
113,11
113,12
113,13
113,14
113,15
113,16
113,17
113,18
113,19
113,20
113,21
113,207
113,208
113,209
113,210
113,211
113,212
113,213
113,214
113,215
113,216
113,217
113,218
113,219
113,220
113,221
113,222
113,223
113,224
113,225
113,226
113,255
113,261
113,262
113,263
114,0
114,1
114,2
114,3
114,4
114,5
114,6
114,7
114,8
114,9
114,10
114,11
114,12
114,13
114,14
114,15
114,16
114,17
114,18
114,19
114,20
114,205
114,206
114,207
114,208
114,209
114,210
114,211
114,212
114,213
114,214
114,215
114,216
114,217
114,218
114,219
114,220
114,221
114,222
114,223
114,224
114,225
114,226
114,261
114,262
114,263
115,0
115,1
115,2
115,3
115,4
115,5
115,6
115,7
115,8
115,9
115,10
115,11
115,12
115,13
115,14
115,15
115,16
115,17
115,18
115,19
115,20
115,204
115,205
115,206
115,207
115,208
115,209
115,210
115,211
115,212
115,213
115,214
115,215
115,216
115,217
115,218
115,219
115,220
115,221
115,222
115,223
115,224
115,225
115,226
115,227
115,243
115,244
115,254
115,261
115,262
116,0
116,1
116,2
116,3
116,4
116,5
116,6
116,7
116,8
116,9
116,10
116,11
116,12
116,13
116,14
116,15
116,16
116,17
116,18
116,19
116,20
116,204
116,205
116,206
116,207
116,208
116,209
116,210
116,211
116,212
116,213
116,214
116,215
116,216
116,217
116,218
116,219
116,220
116,221
116,222
116,223
116,224
116,225
116,226
116,227
116,245
116,246
116,247
116,249
116,250
116,251
116,252
116,253
116,254
116,259
116,260
117,0
117,1
117,2
117,3
117,4
117,5
117,6
117,7
117,8
117,9
117,10
117,11
117,12
117,13
117,14
117,15
117,16
117,17
117,18
117,19
117,204
117,205
117,206
117,207
117,208
117,209
117,210
117,211
117,212
117,213
117,214
117,215
117,216
117,217
117,218
117,219
117,220
117,221
117,222
117,223
117,224
117,225
117,226
117,227
117,253
117,254
117,255
117,258
117,259
117,260
118,0
118,1
118,2
118,3
118,4
118,5
118,6
118,7
118,8
118,9
118,10
118,11
118,12
118,13
118,14
118,15
118,16
118,17
118,18
118,19
118,201
118,204
118,205
118,206
118,207
118,208
118,209
118,210
118,211
118,212
118,213
118,214
118,215
118,216
118,217
118,218
118,219
118,220
118,221
118,222
118,223
118,224
118,225
118,226
118,227
118,252
118,253
118,254
118,255
118,256
118,257
119,0
119,1
119,2
119,3
119,4
119,5
119,6
119,7
119,8
119,9
119,10
119,11
119,12
119,13
119,14
119,15
119,16
119,17
119,18
119,19
119,201
119,204
119,205
119,206
119,207
119,208
119,209
119,210
119,211
119,212
119,213
119,214
119,215
119,216
119,217
119,218
119,219
119,220
119,221
119,222
119,223
119,224
119,225
119,226
119,253
119,254
119,255
119,256
119,257
120,0
120,1
120,2
120,3
120,4
120,5
120,6
120,7
120,8
120,9
120,10
120,11
120,12
120,13
120,14
120,15
120,16
120,17
120,18
120,19
120,200
120,201
120,202
120,203
120,204
120,205
120,206
120,207
120,208
120,209
120,210
120,211
120,212
120,213
120,214
120,215
120,216
120,217
120,218
120,219
120,220
120,221
120,222
120,223
120,224
120,225
120,226
121,0
121,1
121,2
121,3
121,4
121,5
121,6
121,7
121,8
121,9
121,10
121,11
121,12
121,13
121,14
121,15
121,16
121,17
121,18
121,19
121,199
121,200
121,201
121,202
121,203
121,204
121,205
121,206
121,207
121,208
121,209
121,210
121,211
121,212
121,213
121,214
121,215
121,216
121,217
121,218
121,219
121,220
121,221
121,222
121,223
121,224
121,225
121,226
122,0
122,1
122,2
122,3
122,4
122,5
122,6
122,7
122,8
122,9
122,10
122,11
122,12
122,13
122,14
122,15
122,16
122,17
122,18
122,19
122,199
122,200
122,201
122,202
122,203
122,204
122,205
122,206
122,207
122,208
122,209
122,210
122,211
122,212
122,213
122,214
122,215
122,216
122,217
122,218
122,219
122,220
122,221
122,222
122,223
122,224
122,225
123,0
123,1
123,2
123,3
123,4
123,5
123,6
123,7
123,8
123,9
123,10
123,11
123,12
123,13
123,14
123,15
123,16
123,17
123,18
123,19
123,198
123,199
123,200
123,201
123,202
123,203
123,204
123,205
123,206
123,207
123,208
123,209
123,210
123,211
123,212
123,213
123,214
123,215
123,216
123,217
123,218
123,219
123,220
123,221
123,222
123,223
123,224
124,0
124,1
124,2
124,3
124,4
124,5
124,6
124,7
124,8
124,9
124,10
124,11
124,12
124,13
124,14
124,15
124,16
124,17
124,18
124,19
124,198
124,199
124,200
124,201
124,202
124,203
124,204
124,205
124,206
124,207
124,208
124,209
124,210
124,211
124,212
124,213
124,214
124,215
124,216
124,217
124,218
124,219
124,220
124,221
124,222
124,223
124,224
125,0
125,1
125,2
125,3
125,4
125,5
125,6
125,7
125,8
125,9
125,10
125,11
125,12
125,13
125,14
125,15
125,16
125,17
125,18
125,19
125,20
125,197
125,198
125,199
125,200
125,201
125,202
125,203
125,204
125,205
125,206
125,207
125,208
125,209
125,210
125,211
125,212
125,213
125,214
125,215
125,216
125,217
125,218
125,219
125,220
125,221
125,222
125,223
126,0
126,1
126,2
126,3
126,4
126,5
126,6
126,7
126,8
126,9
126,10
126,11
126,12
126,13
126,14
126,15
126,16
126,17
126,18
126,19
126,20
126,197
126,198
126,199
126,200
126,201
126,202
126,203
126,204
126,205
126,206
126,207
126,208
126,209
126,210
126,211
126,212
126,213
126,214
126,215
126,216
126,217
126,218
126,219
126,220
126,221
126,222
126,223
127,0
127,1
127,2
127,3
127,4
127,5
127,6
127,7
127,8
127,9
127,10
127,11
127,12
127,13
127,14
127,15
127,16
127,17
127,18
127,19
127,20
127,198
127,199
127,200
127,201
127,202
127,203
127,204
127,205
127,206
127,207
127,208
127,209
127,210
127,211
127,212
127,213
127,214
127,215
127,216
127,217
127,218
127,219
127,220
127,221
127,222
127,223
128,0
128,1
128,2
128,3
128,4
128,5
128,6
128,7
128,8
128,9
128,10
128,11
128,12
128,13
128,14
128,15
128,16
128,17
128,18
128,19
128,20
128,21
128,199
128,200
128,201
128,202
128,203
128,204
128,205
128,206
128,207
128,208
128,209
128,210
128,211
128,212
128,213
128,214
128,215
128,216
128,217
128,218
128,219
128,220
128,221
128,222
128,223
129,0
129,1
129,2
129,3
129,4
129,5
129,6
129,7
129,8
129,9
129,10
129,11
129,12
129,13
129,14
129,15
129,16
129,17
129,18
129,19
129,20
129,21
129,22
129,199
129,200
129,201
129,202
129,203
129,204
129,205
129,206
129,207
129,208
129,209
129,210
129,211
129,212
129,213
129,214
129,215
129,216
129,217
129,218
129,219
129,220
129,221
129,222
129,223
130,0
130,1
130,2
130,3
130,4
130,5
130,6
130,7
130,8
130,9
130,10
130,11
130,12
130,13
130,14
130,15
130,16
130,17
130,18
130,19
130,20
130,21
130,22
130,23
130,195
130,196
130,197
130,198
130,199
130,200
130,201
130,202
130,203
130,204
130,205
130,206
130,207
130,208
130,209
130,210
130,211
130,212
130,213
130,214
130,215
130,216
130,217
130,218
130,219
130,220
130,221
130,222
131,0
131,1
131,2
131,3
131,4
131,5
131,6
131,7
131,8
131,9
131,10
131,11
131,12
131,13
131,14
131,15
131,16
131,17
131,18
131,19
131,20
131,21
131,22
131,23
131,195
131,196
131,197
131,198
131,199
131,200
131,201
131,202
131,203
131,204
131,205
131,206
131,207
131,208
131,209
131,210
131,211
131,212
131,213
131,214
131,215
131,216
131,217
131,218
131,219
131,220
131,221
131,222
132,0
132,1
132,2
132,3
132,4
132,5
132,6
132,7
132,8
132,9
132,10
132,11
132,12
132,13
132,14
132,15
132,16
132,17
132,18
132,19
132,20
132,21
132,22
132,23
132,24
132,195
132,196
132,197
132,198
132,199
132,200
132,201
132,202
132,203
132,204
132,205
132,206
132,207
132,208
132,209
132,210
132,211
132,212
132,213
132,214
132,215
132,216
132,217
132,218
132,219
132,220
132,221
133,0
133,1
133,2
133,3
133,4
133,5
133,6
133,7
133,8
133,9
133,10
133,11
133,12
133,13
133,14
133,15
133,16
133,17
133,18
133,19
133,20
133,21
133,22
133,23
133,24
133,25
133,195
133,196
133,197
133,198
133,199
133,200
133,201
133,202
133,203
133,204
133,205
133,206
133,207
133,208
133,209
133,210
133,211
133,212
133,213
133,214
133,215
133,216
133,217
133,218
133,219
133,220
133,221
134,0
134,1
134,2
134,3
134,4
134,5
134,6
134,7
134,8
134,9
134,10
134,11
134,12
134,13
134,14
134,15
134,16
134,17
134,18
134,19
134,20
134,21
134,22
134,23
134,24
134,25
134,26
134,196
134,197
134,198
134,199
134,200
134,201
134,202
134,203
134,204
134,205
134,206
134,207
134,208
134,209
134,210
134,211
134,212
134,213
134,214
134,215
134,216
134,217
134,218
134,219
134,220
135,0
135,1
135,2
135,3
135,4
135,5
135,6
135,7
135,8
135,9
135,10
135,11
135,12
135,13
135,14
135,15
135,16
135,17
135,18
135,19
135,20
135,21
135,22
135,23
135,24
135,25
135,26
135,27
135,28
135,29
135,196
135,197
135,198
135,199
135,200
135,201
135,202
135,203
135,204
135,205
135,206
135,207
135,208
135,209
135,210
135,211
135,212
135,213
135,214
135,215
135,216
135,217
135,218
135,219
135,220
136,0
136,1
136,2
136,3
136,4
136,5
136,6
136,7
136,8
136,9
136,10
136,11
136,12
136,13
136,14
136,15
136,16
136,17
136,18
136,19
136,20
136,21
136,22
136,23
136,24
136,25
136,26
136,27
136,28
136,29
136,30
136,197
136,198
136,199
136,200
136,201
136,202
136,203
136,204
136,205
136,206
136,207
136,208
136,209
136,210
136,211
136,212
136,213
136,214
136,215
136,216
136,217
136,218
136,219
136,220
137,0
137,1
137,2
137,3
137,4
137,5
137,6
137,7
137,8
137,9
137,10
137,11
137,12
137,13
137,14
137,15
137,16
137,17
137,18
137,19
137,20
137,21
137,22
137,23
137,24
137,25
137,26
137,27
137,28
137,29
137,30
137,31
137,197
137,198
137,199
137,200
137,201
137,202
137,203
137,204
137,205
137,206
137,207
137,208
137,209
137,210
137,211
137,212
137,213
137,214
137,215
137,216
137,217
137,218
137,219
137,220
137,221
138,0
138,1
138,2
138,3
138,4
138,5
138,6
138,7
138,8
138,9
138,10
138,11
138,12
138,13
138,14
138,15
138,16
138,17
138,18
138,19
138,20
138,21
138,22
138,23
138,24
138,25
138,26
138,27
138,28
138,29
138,30
138,31
138,32
138,197
138,198
138,199
138,200
138,201
138,202
138,203
138,204
138,205
138,206
138,207
138,208
138,209
138,210
138,211
138,212
138,213
138,214
138,215
138,216
138,217
138,218
138,219
138,220
138,221
139,0
139,1
139,2
139,3
139,4
139,5
139,6
139,7
139,8
139,9
139,10
139,11
139,12
139,13
139,14
139,15
139,16
139,17
139,18
139,19
139,20
139,21
139,22
139,23
139,24
139,25
139,26
139,27
139,28
139,29
139,30
139,31
139,32
139,33
139,34
139,197
139,198
139,199
139,200
139,201
139,202
139,203
139,204
139,205
139,206
139,207
139,208
139,209
139,210
139,211
139,212
139,213
139,214
139,215
139,216
139,217
139,218
139,219
139,220
139,221
140,0
140,1
140,2
140,3
140,4
140,5
140,6
140,7
140,8
140,9
140,10
140,11
140,12
140,13
140,14
140,15
140,16
140,17
140,18
140,19
140,20
140,21
140,22
140,23
140,24
140,25
140,26
140,27
140,28
140,29
140,30
140,31
140,32
140,33
140,34
140,35
140,36
140,197
140,198
140,199
140,200
140,201
140,202
140,203
140,204
140,205
140,206
140,207
140,208
140,209
140,210
140,211
140,212
140,213
140,214
140,215
140,216
140,217
140,218
140,219
140,220
141,0
141,1
141,2
141,3
141,4
141,5
141,6
141,7
141,8
141,9
141,10
141,11
141,12
141,13
141,14
141,15
141,16
141,17
141,18
141,19
141,20
141,21
141,22
141,23
141,24
141,25
141,26
141,27
141,28
141,29
141,30
141,31
141,32
141,33
141,34
141,35
141,36
141,37
141,38
141,39
141,40
141,197
141,198
141,199
141,200
141,201
141,202
141,203
141,204
141,205
141,206
141,207
141,208
141,209
141,210
141,211
141,212
141,213
141,214
141,215
141,216
141,217
141,218
141,219
142,0
142,1
142,2
142,3
142,4
142,5
142,6
142,7
142,8
142,9
142,10
142,11
142,12
142,13
142,14
142,15
142,16
142,17
142,18
142,19
142,20
142,21
142,22
142,23
142,24
142,25
142,26
142,27
142,28
142,29
142,30
142,31
142,32
142,33
142,34
142,35
142,36
142,37
142,38
142,39
142,40
142,41
142,197
142,198
142,199
142,200
142,201
142,202
142,203
142,204
142,205
142,206
142,207
142,208
142,209
142,210
142,211
142,212
142,213
142,214
142,215
142,216
142,217
142,218
142,219
143,0
143,1
143,2
143,3
143,4
143,5
143,6
143,7
143,8
143,9
143,10
143,11
143,12
143,13
143,14
143,15
143,16
143,17
143,18
143,19
143,20
143,21
143,22
143,23
143,24
143,25
143,26
143,27
143,28
143,29
143,30
143,31
143,32
143,33
143,34
143,35
143,36
143,37
143,38
143,39
143,40
143,41
143,42
143,43
143,197
143,198
143,199
143,200
143,201
143,202
143,203
143,204
143,205
143,206
143,207
143,208
143,209
143,210
143,211
143,212
143,213
143,214
143,215
143,216
143,217
144,0
144,1
144,2
144,3
144,4
144,5
144,6
144,7
144,8
144,9
144,10
144,11
144,12
144,13
144,14
144,15
144,16
144,17
144,18
144,19
144,20
144,21
144,22
144,23
144,24
144,25
144,26
144,27
144,28
144,29
144,30
144,31
144,32
144,33
144,34
144,35
144,36
144,37
144,38
144,39
144,40
144,41
144,42
144,43
144,44
144,196
144,197
144,198
144,199
144,200
144,201
144,202
144,203
144,204
144,205
144,206
144,207
144,208
144,209
144,210
144,211
144,212
144,213
144,214
144,215
144,216
144,217
145,0
145,1
145,2
145,3
145,4
145,5
145,6
145,7
145,8
145,9
145,10
145,11
145,12
145,13
145,14
145,15
145,16
145,17
145,18
145,19
145,20
145,21
145,22
145,23
145,24
145,25
145,26
145,27
145,28
145,29
145,30
145,31
145,32
145,33
145,34
145,35
145,36
145,37
145,38
145,39
145,40
145,41
145,42
145,43
145,44
145,45
145,117
145,118
145,196
145,197
145,198
145,199
145,200
145,201
145,202
145,203
145,204
145,205
145,206
145,207
145,208
145,209
145,210
145,211
145,212
145,213
145,214
145,215
145,216
146,0
146,1
146,2
146,3
146,4
146,5
146,6
146,7
146,8
146,9
146,10
146,11
146,12
146,13
146,14
146,15
146,16
146,17
146,18
146,19
146,20
146,21
146,22
146,23
146,24
146,25
146,26
146,27
146,28
146,29
146,30
146,31
146,32
146,33
146,34
146,35
146,36
146,37
146,38
146,39
146,40
146,41
146,42
146,43
146,44
146,45
146,46
146,106
146,115
146,116
146,117
146,118
146,119
146,196
146,197
146,198
146,199
146,200
146,201
146,202
146,203
146,204
146,205
146,206
146,207
146,208
146,209
146,210
146,211
146,212
146,213
146,214
146,215
146,216
147,0
147,1
147,2
147,3
147,4
147,5
147,6
147,7
147,8
147,9
147,10
147,11
147,12
147,13
147,14
147,15
147,16
147,17
147,18
147,19
147,20
147,21
147,22
147,23
147,24
147,25
147,26
147,27
147,28
147,29
147,30
147,31
147,32
147,33
147,34
147,35
147,36
147,37
147,38
147,39
147,40
147,41
147,42
147,43
147,44
147,45
147,46
147,47
147,48
147,49
147,50
147,93
147,94
147,95
147,96
147,97
147,98
147,99
147,100
147,105
147,106
147,113
147,114
147,115
147,116
147,117
147,192
147,193
147,194
147,195
147,196
147,197
147,198
147,199
147,200
147,201
147,202
147,203
147,204
147,205
147,206
147,207
147,208
147,209
147,210
147,211
147,212
147,213
147,214
147,215
148,0
148,1
148,2
148,3
148,4
148,5
148,6
148,7
148,8
148,9
148,10
148,11
148,12
148,13
148,14
148,15
148,16
148,17
148,18
148,19
148,20
148,21
148,22
148,23
148,24
148,25
148,26
148,27
148,28
148,29
148,30
148,31
148,32
148,33
148,34
148,35
148,36
148,37
148,38
148,39
148,40
148,41
148,42
148,43
148,44
148,45
148,46
148,47
148,48
148,49
148,50
148,94
148,95
148,96
148,97
148,98
148,99
148,100
148,101
148,102
148,103
148,104
148,105
148,106
148,107
148,111
148,112
148,113
148,114
148,115
148,191
148,192
148,193
148,194
148,195
148,196
148,197
148,198
148,199
148,200
148,201
148,202
148,203
148,204
148,205
148,206
148,207
148,208
148,209
148,210
148,211
148,212
148,213
148,214
148,215
149,0
149,1
149,2
149,3
149,4
149,5
149,6
149,7
149,8
149,9
149,10
149,11
149,12
149,13
149,14
149,15
149,16
149,17
149,18
149,19
149,20
149,21
149,22
149,23
149,24
149,25
149,26
149,27
149,28
149,29
149,30
149,31
149,32
149,33
149,34
149,35
149,36
149,37
149,38
149,39
149,40
149,41
149,42
149,43
149,44
149,45
149,46
149,47
149,48
149,49
149,50
149,51
149,94
149,95
149,96
149,97
149,98
149,99
149,100
149,101
149,102
149,103
149,104
149,105
149,106
149,107
149,111
149,112
149,113
149,190
149,191
149,192
149,193
149,194
149,195
149,196
149,197
149,198
149,199
149,200
149,201
149,202
149,203
149,204
149,205
149,206
149,207
149,208
149,209
149,210
149,211
149,212
149,213
149,214
150,0
150,1
150,2
150,3
150,4
150,5
150,6
150,7
150,8
150,9
150,10
150,11
150,12
150,13
150,14
150,15
150,16
150,17
150,18
150,19
150,20
150,21
150,22
150,23
150,24
150,25
150,26
150,27
150,28
150,29
150,30
150,31
150,32
150,33
150,34
150,35
150,36
150,37
150,38
150,39
150,40
150,41
150,42
150,43
150,44
150,45
150,46
150,47
150,48
150,49
150,50
150,51
150,52
150,86
150,94
150,95
150,96
150,97
150,98
150,99
150,100
150,101
150,102
150,103
150,104
150,105
150,106
150,107
150,108
150,109
150,110
150,111
150,112
150,188
150,189
150,190
150,191
150,192
150,193
150,194
150,195
150,196
150,197
150,198
150,199
150,200
150,201
150,202
150,203
150,204
150,205
150,206
150,207
150,208
150,209
150,210
150,211
150,212
150,213
151,0
151,1
151,2
151,3
151,4
151,5
151,6
151,7
151,8
151,9
151,10
151,11
151,12
151,13
151,14
151,15
151,16
151,17
151,18
151,19
151,20
151,21
151,22
151,23
151,24
151,25
151,26
151,27
151,28
151,29
151,30
151,31
151,32
151,33
151,34
151,35
151,36
151,37
151,38
151,39
151,40
151,41
151,42
151,43
151,44
151,45
151,46
151,47
151,48
151,49
151,50
151,51
151,52
151,53
151,54
151,84
151,85
151,86
151,87
151,91
151,92
151,93
151,94
151,95
151,96
151,97
151,98
151,99
151,100
151,101
151,102
151,103
151,104
151,105
151,106
151,107
151,108
151,109
151,110
151,111
151,188
151,189
151,190
151,191
151,192
151,193
151,194
151,195
151,196
151,197
151,198
151,199
151,200
151,201
151,202
151,203
151,204
151,205
151,206
151,207
151,208
151,209
151,210
151,211
151,212
151,213
152,0
152,1
152,2
152,3
152,4
152,5
152,6
152,7
152,8
152,9
152,10
152,11
152,12
152,13
152,14
152,15
152,16
152,17
152,18
152,19
152,20
152,21
152,22
152,23
152,24
152,25
152,26
152,27
152,28
152,29
152,30
152,31
152,32
152,33
152,34
152,35
152,36
152,37
152,38
152,39
152,40
152,41
152,42
152,43
152,44
152,45
152,46
152,47
152,48
152,49
152,50
152,51
152,52
152,53
152,54
152,55
152,56
152,57
152,58
152,59
152,61
152,74
152,75
152,76
152,77
152,78
152,79
152,80
152,81
152,82
152,83
152,84
152,85
152,89
152,90
152,91
152,92
152,93
152,94
152,95
152,96
152,97
152,98
152,99
152,100
152,101
152,102
152,103
152,104
152,105
152,106
152,107
152,108
152,109
152,110
152,111
152,188
152,189
152,190
152,191
152,192
152,193
152,194
152,195
152,196
152,197
152,198
152,199
152,200
152,201
152,202
152,203
152,204
152,205
152,206
152,207
152,208
152,209
152,210
152,211
152,212
152,213
153,0
153,1
153,2
153,3
153,4
153,5
153,6
153,7
153,8
153,9
153,10
153,11
153,12
153,13
153,14
153,15
153,16
153,17
153,18
153,19
153,20
153,21
153,22
153,23
153,24
153,25
153,26
153,27
153,28
153,29
153,30
153,31
153,32
153,33
153,34
153,35
153,36
153,37
153,38
153,39
153,40
153,41
153,42
153,43
153,44
153,45
153,46
153,47
153,48
153,49
153,50
153,51
153,52
153,53
153,54
153,55
153,56
153,57
153,58
153,59
153,60
153,61
153,62
153,63
153,72
153,73
153,74
153,75
153,76
153,77
153,78
153,79
153,80
153,81
153,82
153,83
153,84
153,86
153,87
153,88
153,89
153,90
153,91
153,92
153,93
153,94
153,95
153,96
153,97
153,98
153,99
153,100
153,101
153,102
153,103
153,104
153,105
153,106
153,107
153,108
153,109
153,110
153,111
153,164
153,165
153,166
153,167
153,168
153,169
153,170
153,187
153,188
153,189
153,190
153,191
153,192
153,193
153,194
153,195
153,196
153,197
153,198
153,199
153,200
153,201
153,202
153,203
153,204
153,205
153,206
153,207
153,208
153,209
153,210
153,211
153,212
154,0
154,1
154,2
154,3
154,4
154,5
154,6
154,7
154,8
154,9
154,10
154,11
154,12
154,13
154,14
154,15
154,16
154,17
154,18
154,19
154,20
154,21
154,22
154,23
154,24
154,25
154,26
154,27
154,28
154,29
154,30
154,31
154,32
154,33
154,34
154,35
154,36
154,37
154,38
154,39
154,40
154,41
154,42
154,43
154,44
154,45
154,46
154,47
154,48
154,49
154,50
154,51
154,52
154,53
154,54
154,55
154,56
154,57
154,58
154,59
154,60
154,61
154,62
154,63
154,64
154,65
154,66
154,67
154,68
154,69
154,70
154,71
154,72
154,73
154,74
154,75
154,76
154,77
154,78
154,79
154,80
154,81
154,82
154,83
154,84
154,85
154,86
154,87
154,88
154,89
154,90
154,91
154,92
154,93
154,94
154,95
154,96
154,97
154,98
154,99
154,100
154,101
154,102
154,103
154,104
154,105
154,106
154,107
154,108
154,109
154,110
154,111
154,112
154,113
154,114
154,164
154,165
154,166
154,167
154,168
154,169
154,170
154,171
154,186
154,187
154,188
154,189
154,190
154,191
154,192
154,193
154,194
154,195
154,196
154,197
154,198
154,199
154,200
154,201
154,202
154,203
154,204
154,205
154,206
154,207
154,208
154,209
154,210
154,211
154,212
155,0
155,1
155,2
155,3
155,4
155,5
155,6
155,7
155,8
155,9
155,10
155,11
155,12
155,13
155,14
155,15
155,16
155,17
155,18
155,19
155,20
155,21
155,22
155,23
155,24
155,25
155,26
155,27
155,28
155,29
155,30
155,31
155,32
155,33
155,34
155,35
155,36
155,37
155,38
155,39
155,40
155,41
155,42
155,43
155,44
155,45
155,46
155,47
155,48
155,49
155,50
155,51
155,52
155,53
155,54
155,55
155,56
155,57
155,58
155,59
155,60
155,61
155,62
155,63
155,64
155,65
155,66
155,67
155,68
155,69
155,70
155,71
155,72
155,73
155,74
155,75
155,76
155,77
155,78
155,79
155,80
155,81
155,82
155,83
155,84
155,85
155,86
155,87
155,88
155,89
155,90
155,91
155,92
155,93
155,94
155,95
155,96
155,97
155,98
155,99
155,100
155,101
155,102
155,103
155,104
155,105
155,106
155,107
155,108
155,109
155,110
155,111
155,112
155,113
155,114
155,164
155,165
155,166
155,167
155,168
155,169
155,170
155,171
155,172
155,173
155,174
155,175
155,185
155,186
155,187
155,188
155,189
155,190
155,191
155,192
155,193
155,194
155,195
155,196
155,197
155,198
155,199
155,200
155,201
155,202
155,203
155,204
155,205
155,206
155,207
155,208
155,209
155,210
155,211
155,212
156,0
156,1
156,2
156,3
156,4
156,5
156,6
156,7
156,8
156,9
156,10
156,11
156,12
156,13
156,14
156,15
156,16
156,17
156,18
156,19
156,20
156,21
156,22
156,23
156,24
156,25
156,26
156,27
156,28
156,29
156,30
156,31
156,32
156,33
156,34
156,35
156,36
156,37
156,38
156,39
156,40
156,41
156,42
156,43
156,44
156,45
156,46
156,47
156,48
156,49
156,50
156,51
156,52
156,53
156,54
156,55
156,56
156,57
156,58
156,59
156,60
156,61
156,62
156,63
156,64
156,65
156,66
156,67
156,68
156,69
156,70
156,71
156,72
156,73
156,74
156,75
156,76
156,77
156,78
156,79
156,80
156,81
156,82
156,83
156,84
156,85
156,86
156,87
156,88
156,89
156,90
156,91
156,92
156,93
156,94
156,95
156,96
156,97
156,98
156,99
156,100
156,101
156,102
156,103
156,104
156,105
156,106
156,107
156,108
156,109
156,110
156,111
156,112
156,113
156,114
156,163
156,164
156,165
156,166
156,167
156,168
156,169
156,170
156,171
156,172
156,173
156,174
156,175
156,183
156,184
156,185
156,186
156,187
156,188
156,189
156,190
156,191
156,192
156,193
156,194
156,195
156,196
156,197
156,198
156,199
156,200
156,201
156,202
156,203
156,204
156,205
156,206
156,207
156,208
156,209
156,210
156,211
156,212
157,0
157,1
157,2
157,3
157,4
157,5
157,6
157,7
157,8
157,9
157,10
157,11
157,12
157,13
157,14
157,15
157,16
157,17
157,18
157,19
157,20
157,21
157,22
157,23
157,24
157,25
157,26
157,27
157,28
157,29
157,30
157,31
157,32
157,33
157,34
157,35
157,36
157,37
157,38
157,39
157,40
157,41
157,42
157,43
157,44
157,45
157,46
157,47
157,48
157,49
157,50
157,51
157,52
157,53
157,54
157,55
157,56
157,57
157,58
157,59
157,60
157,61
157,62
157,63
157,64
157,65
157,66
157,67
157,68
157,69
157,70
157,71
157,72
157,73
157,74
157,75
157,76
157,77
157,78
157,79
157,80
157,81
157,82
157,83
157,84
157,85
157,86
157,87
157,88
157,89
157,90
157,91
157,92
157,93
157,94
157,95
157,96
157,97
157,98
157,99
157,100
157,101
157,102
157,103
157,104
157,105
157,106
157,107
157,108
157,109
157,110
157,111
157,112
157,161
157,162
157,163
157,164
157,165
157,166
157,167
157,168
157,169
157,170
157,171
157,172
157,173
157,174
157,175
157,176
157,182
157,183
157,184
157,185
157,186
157,187
157,188
157,189
157,190
157,191
157,192
157,193
157,194
157,195
157,196
157,197
157,198
157,199
157,200
157,201
157,202
157,203
157,204
157,205
157,206
157,207
157,208
157,209
157,210
157,211
158,0
158,1
158,2
158,3
158,4
158,5
158,6
158,7
158,8
158,9
158,10
158,11
158,12
158,13
158,14
158,15
158,16
158,17
158,18
158,19
158,20
158,21
158,22
158,23
158,24
158,25
158,26
158,27
158,28
158,29
158,30
158,31
158,32
158,33
158,34
158,35
158,36
158,37
158,38
158,39
158,40
158,41
158,42
158,43
158,44
158,45
158,46
158,47
158,48
158,49
158,50
158,51
158,52
158,53
158,54
158,55
158,56
158,57
158,58
158,59
158,60
158,61
158,62
158,63
158,64
158,65
158,66
158,67
158,68
158,69
158,70
158,71
158,72
158,73
158,74
158,75
158,76
158,77
158,78
158,79
158,80
158,81
158,82
158,83
158,84
158,85
158,86
158,87
158,88
158,89
158,90
158,91
158,92
158,93
158,94
158,95
158,96
158,97
158,98
158,99
158,100
158,101
158,102
158,103
158,104
158,105
158,106
158,107
158,108
158,109
158,110
158,111
158,112
158,161
158,162
158,163
158,164
158,165
158,166
158,167
158,168
158,169
158,170
158,171
158,172
158,173
158,174
158,175
158,176
158,177
158,178
158,179
158,180
158,181
158,182
158,183
158,184
158,185
158,186
158,187
158,188
158,189
158,190
158,191
158,192
158,193
158,194
158,195
158,196
158,197
158,198
158,199
158,200
158,201
158,202
158,203
158,204
158,205
158,206
158,207
158,208
158,209
158,210
158,211
159,0
159,1
159,2
159,3
159,4
159,5
159,6
159,7
159,8
159,9
159,10
159,11
159,12
159,13
159,14
159,15
159,16
159,17
159,18
159,19
159,20
159,21
159,22
159,23
159,24
159,25
159,26
159,27
159,28
159,29
159,30
159,31
159,32
159,33
159,34
159,35
159,36
159,37
159,38
159,39
159,40
159,41
159,42
159,43
159,44
159,45
159,46
159,47
159,48
159,49
159,50
159,51
159,52
159,53
159,54
159,55
159,56
159,57
159,58
159,59
159,60
159,61
159,62
159,63
159,64
159,65
159,66
159,67
159,68
159,69
159,70
159,71
159,72
159,73
159,74
159,75
159,76
159,77
159,78
159,79
159,80
159,81
159,82
159,83
159,84
159,85
159,86
159,87
159,88
159,89
159,90
159,91
159,92
159,93
159,94
159,95
159,96
159,97
159,98
159,99
159,100
159,101
159,102
159,103
159,104
159,105
159,106
159,107
159,108
159,109
159,110
159,111
159,112
159,113
159,114
159,135
159,136
159,158
159,159
159,160
159,161
159,162
159,163
159,164
159,165
159,166
159,167
159,168
159,169
159,170
159,171
159,172
159,173
159,174
159,175
159,176
159,177
159,178
159,179
159,180
159,181
159,182
159,183
159,184
159,185
159,186
159,187
159,188
159,189
159,190
159,191
159,192
159,193
159,194
159,195
159,196
159,197
159,198
159,199
159,200
159,201
159,202
159,203
159,204
159,205
159,206
159,207
159,208
159,209
159,210
159,211
160,0
160,1
160,2
160,3
160,4
160,5
160,6
160,7
160,8
160,9
160,10
160,11
160,12
160,13
160,14
160,15
160,16
160,17
160,18
160,19
160,20
160,21
160,22
160,23
160,24
160,25
160,26
160,27
160,28
160,29
160,30
160,31
160,32
160,33
160,34
160,35
160,36
160,37
160,38
160,39
160,40
160,41
160,42
160,43
160,44
160,45
160,46
160,47
160,48
160,49
160,50
160,51
160,52
160,53
160,54
160,55
160,56
160,57
160,58
160,59
160,60
160,61
160,62
160,63
160,64
160,65
160,66
160,67
160,68
160,69
160,70
160,71
160,72
160,73
160,74
160,75
160,76
160,77
160,78
160,79
160,80
160,81
160,82
160,83
160,84
160,85
160,86
160,87
160,88
160,89
160,90
160,91
160,92
160,93
160,94
160,95
160,96
160,97
160,98
160,99
160,100
160,101
160,102
160,103
160,104
160,105
160,106
160,107
160,108
160,109
160,110
160,111
160,112
160,113
160,114
160,115
160,135
160,136
160,137
160,138
160,139
160,140
160,155
160,156
160,157
160,158
160,159
160,160
160,161
160,162
160,163
160,164
160,165
160,166
160,167
160,168
160,169
160,170
160,171
160,172
160,173
160,174
160,175
160,176
160,177
160,178
160,179
160,180
160,181
160,182
160,183
160,184
160,185
160,186
160,187
160,188
160,189
160,190
160,191
160,192
160,193
160,194
160,195
160,196
160,197
160,198
160,199
160,200
160,201
160,202
160,203
160,204
160,205
160,206
160,207
160,208
160,209
160,210
160,211
161,0
161,1
161,2
161,3
161,4
161,5
161,6
161,7
161,8
161,9
161,10
161,11
161,12
161,13
161,14
161,15
161,16
161,17
161,18
161,19
161,20
161,21
161,22
161,23
161,24
161,25
161,26
161,27
161,28
161,29
161,30
161,31
161,32
161,33
161,34
161,35
161,36
161,37
161,38
161,39
161,40
161,41
161,42
161,43
161,44
161,45
161,46
161,47
161,48
161,49
161,50
161,51
161,52
161,53
161,54
161,55
161,56
161,57
161,58
161,59
161,60
161,61
161,62
161,63
161,64
161,65
161,66
161,67
161,68
161,69
161,70
161,71
161,72
161,73
161,74
161,75
161,76
161,77
161,78
161,79
161,80
161,81
161,82
161,83
161,84
161,85
161,86
161,87
161,88
161,89
161,90
161,91
161,92
161,93
161,94
161,95
161,96
161,97
161,98
161,99
161,100
161,101
161,102
161,103
161,104
161,105
161,106
161,107
161,108
161,109
161,110
161,111
161,112
161,113
161,114
161,115
161,116
161,117
161,118
161,119
161,123
161,124
161,125
161,126
161,127
161,128
161,129
161,130
161,135
161,136
161,137
161,138
161,139
161,140
161,141
161,142
161,143
161,144
161,145
161,152
161,153
161,154
161,155
161,156
161,157
161,158
161,159
161,160
161,161
161,162
161,163
161,164
161,165
161,166
161,167
161,168
161,169
161,170
161,171
161,172
161,173
161,174
161,175
161,176
161,177
161,178
161,179
161,180
161,181
161,182
161,183
161,184
161,185
161,186
161,187
161,188
161,189
161,190
161,191
161,192
161,193
161,194
161,195
161,196
161,197
161,198
161,199
161,200
161,201
161,202
161,203
161,204
161,205
161,206
161,207
161,208
161,209
161,210
161,211
162,0
162,1
162,2
162,3
162,4
162,5
162,6
162,7
162,8
162,9
162,10
162,11
162,12
162,13
162,14
162,15
162,16
162,17
162,18
162,19
162,20
162,21
162,22
162,23
162,24
162,25
162,26
162,27
162,28
162,29
162,30
162,31
162,32
162,33
162,34
162,35
162,36
162,37
162,38
162,39
162,40
162,41
162,42
162,43
162,44
162,45
162,46
162,47
162,48
162,49
162,50
162,51
162,52
162,53
162,54
162,55
162,56
162,57
162,58
162,59
162,60
162,61
162,62
162,63
162,64
162,65
162,66
162,67
162,68
162,69
162,70
162,71
162,72
162,73
162,74
162,75
162,76
162,77
162,78
162,79
162,80
162,81
162,82
162,83
162,84
162,85
162,86
162,87
162,88
162,89
162,90
162,91
162,92
162,93
162,94
162,95
162,96
162,97
162,98
162,99
162,100
162,101
162,102
162,103
162,104
162,105
162,106
162,107
162,108
162,109
162,110
162,111
162,112
162,113
162,114
162,115
162,116
162,117
162,118
162,119
162,120
162,121
162,122
162,123
162,124
162,125
162,126
162,127
162,128
162,129
162,130
162,134
162,135
162,136
162,137
162,138
162,139
162,140
162,141
162,142
162,143
162,144
162,145
162,146
162,147
162,148
162,149
162,150
162,151
162,152
162,153
162,154
162,155
162,156
162,157
162,158
162,159
162,160
162,161
162,162
162,163
162,164
162,165
162,166
162,167
162,168
162,169
162,170
162,171
162,172
162,173
162,174
162,175
162,176
162,177
162,178
162,179
162,180
162,181
162,182
162,183
162,184
162,185
162,186
162,187
162,188
162,189
162,190
162,191
162,192
162,193
162,194
162,195
162,196
162,197
162,198
162,199
162,200
162,201
162,202
162,203
162,204
162,205
162,206
162,207
162,208
162,209
162,210
163,0
163,1
163,2
163,3
163,4
163,5
163,6
163,7
163,8
163,9
163,10
163,11
163,12
163,13
163,14
163,15
163,16
163,17
163,18
163,19
163,20
163,21
163,22
163,23
163,24
163,25
163,26
163,27
163,28
163,29
163,30
163,31
163,32
163,33
163,34
163,35
163,36
163,37
163,38
163,39
163,40
163,41
163,42
163,43
163,44
163,45
163,46
163,47
163,48
163,49
163,50
163,51
163,52
163,53
163,54
163,55
163,56
163,57
163,58
163,59
163,60
163,61
163,62
163,63
163,64
163,65
163,66
163,67
163,68
163,69
163,70
163,71
163,72
163,73
163,74
163,75
163,76
163,77
163,78
163,79
163,80
163,81
163,82
163,83
163,84
163,85
163,86
163,87
163,88
163,89
163,90
163,91
163,92
163,93
163,94
163,95
163,96
163,97
163,98
163,99
163,100
163,101
163,102
163,103
163,104
163,105
163,106
163,107
163,108
163,109
163,110
163,111
163,112
163,113
163,114
163,115
163,116
163,117
163,118
163,119
163,120
163,121
163,122
163,123
163,124
163,125
163,126
163,127
163,128
163,129
163,130
163,134
163,135
163,136
163,137
163,138
163,139
163,140
163,141
163,142
163,143
163,144
163,145
163,146
163,147
163,148
163,149
163,150
163,151
163,152
163,153
163,154
163,155
163,156
163,157
163,158
163,159
163,160
163,161
163,162
163,163
163,164
163,165
163,166
163,167
163,168
163,169
163,170
163,171
163,172
163,173
163,174
163,175
163,176
163,177
163,178
163,179
163,180
163,181
163,182
163,183
163,184
163,185
163,186
163,187
163,188
163,189
163,190
163,191
163,192
163,193
163,194
163,195
163,196
163,197
163,198
163,199
163,200
163,201
163,202
163,203
163,204
163,205
163,206
163,207
163,208
163,209
163,210
164,0
164,1
164,2
164,3
164,4
164,5
164,6
164,7
164,8
164,9
164,10
164,11
164,12
164,13
164,14
164,15
164,16
164,17
164,18
164,19
164,20
164,21
164,22
164,23
164,24
164,25
164,26
164,27
164,28
164,29
164,30
164,31
164,32
164,33
164,34
164,35
164,36
164,37
164,38
164,39
164,40
164,41
164,42
164,43
164,44
164,45
164,46
164,47
164,48
164,49
164,50
164,51
164,52
164,53
164,54
164,55
164,56
164,57
164,58
164,59
164,60
164,61
164,62
164,63
164,64
164,65
164,66
164,67
164,68
164,69
164,70
164,71
164,72
164,73
164,74
164,75
164,76
164,77
164,78
164,79
164,80
164,81
164,82
164,83
164,84
164,85
164,86
164,87
164,88
164,89
164,90
164,91
164,92
164,93
164,94
164,95
164,96
164,97
164,98
164,99
164,100
164,101
164,102
164,103
164,104
164,105
164,106
164,107
164,108
164,109
164,110
164,111
164,112
164,113
164,114
164,115
164,116
164,117
164,118
164,119
164,120
164,121
164,122
164,123
164,124
164,125
164,126
164,127
164,128
164,129
164,130
164,131
164,132
164,133
164,134
164,135
164,136
164,137
164,138
164,139
164,140
164,141
164,142
164,143
164,144
164,145
164,146
164,147
164,148
164,149
164,150
164,151
164,152
164,153
164,154
164,155
164,156
164,157
164,158
164,159
164,160
164,161
164,162
164,163
164,164
164,165
164,166
164,167
164,168
164,169
164,170
164,171
164,172
164,173
164,174
164,175
164,176
164,177
164,178
164,179
164,180
164,181
164,182
164,183
164,184
164,185
164,186
164,187
164,188
164,189
164,190
164,191
164,192
164,193
164,194
164,195
164,196
164,197
164,198
164,199
164,200
164,201
164,202
164,203
164,204
164,205
164,206
164,207
164,208
164,209
164,210
165,0
165,1
165,2
165,3
165,4
165,5
165,6
165,7
165,8
165,9
165,10
165,11
165,12
165,13
165,14
165,15
165,16
165,17
165,18
165,19
165,20
165,21
165,22
165,23
165,24
165,25
165,26
165,27
165,28
165,29
165,30
165,31
165,32
165,33
165,34
165,35
165,36
165,37
165,38
165,39
165,40
165,41
165,42
165,43
165,44
165,45
165,46
165,47
165,48
165,49
165,50
165,51
165,52
165,53
165,54
165,55
165,56
165,57
165,58
165,59
165,60
165,61
165,62
165,63
165,64
165,65
165,66
165,67
165,68
165,69
165,70
165,71
165,72
165,73
165,74
165,75
165,76
165,77
165,78
165,79
165,80
165,81
165,82
165,83
165,84
165,85
165,86
165,87
165,88
165,89
165,90
165,91
165,92
165,93
165,94
165,95
165,96
165,97
165,98
165,99
165,100
165,101
165,102
165,103
165,104
165,105
165,106
165,107
165,108
165,109
165,110
165,111
165,112
165,113
165,114
165,115
165,116
165,117
165,118
165,119
165,120
165,121
165,122
165,123
165,124
165,125
165,126
165,127
165,128
165,129
165,130
165,131
165,132
165,133
165,134
165,135
165,136
165,137
165,138
165,139
165,140
165,141
165,142
165,143
165,144
165,145
165,146
165,147
165,148
165,149
165,150
165,151
165,152
165,153
165,154
165,155
165,156
165,157
165,158
165,159
165,160
165,161
165,162
165,163
165,164
165,165
165,166
165,167
165,168
165,169
165,170
165,171
165,172
165,173
165,174
165,175
165,176
165,177
165,178
165,179
165,180
165,181
165,182
165,183
165,184
165,185
165,186
165,187
165,188
165,189
165,190
165,191
165,192
165,193
165,194
165,195
165,196
165,197
165,198
165,199
165,200
165,201
165,202
165,203
165,204
165,205
165,206
165,207
165,208
165,209
165,210
166,0
166,1
166,2
166,3
166,4
166,5
166,6
166,7
166,8
166,9
166,10
166,11
166,12
166,13
166,14
166,15
166,16
166,17
166,18
166,19
166,20
166,21
166,22
166,23
166,24
166,25
166,26
166,27
166,28
166,29
166,30
166,31
166,32
166,33
166,34
166,35
166,36
166,37
166,38
166,39
166,40
166,41
166,42
166,43
166,44
166,45
166,46
166,47
166,48
166,49
166,50
166,51
166,52
166,53
166,54
166,55
166,56
166,57
166,58
166,59
166,60
166,61
166,62
166,63
166,64
166,65
166,66
166,67
166,68
166,69
166,70
166,71
166,72
166,73
166,74
166,75
166,76
166,77
166,78
166,79
166,80
166,81
166,82
166,83
166,84
166,85
166,86
166,87
166,88
166,89
166,90
166,91
166,92
166,93
166,94
166,95
166,96
166,97
166,98
166,99
166,100
166,101
166,102
166,103
166,104
166,105
166,106
166,107
166,108
166,109
166,110
166,111
166,112
166,113
166,114
166,115
166,116
166,117
166,118
166,119
166,120
166,121
166,122
166,123
166,124
166,125
166,126
166,127
166,128
166,129
166,130
166,131
166,132
166,133
166,134
166,135
166,136
166,137
166,138
166,139
166,140
166,141
166,142
166,143
166,144
166,145
166,146
166,147
166,148
166,149
166,150
166,151
166,152
166,153
166,154
166,155
166,156
166,157
166,158
166,159
166,160
166,161
166,162
166,163
166,164
166,165
166,166
166,167
166,168
166,169
166,170
166,171
166,172
166,173
166,174
166,175
166,176
166,177
166,178
166,179
166,180
166,181
166,182
166,183
166,184
166,185
166,186
166,187
166,188
166,189
166,190
166,191
166,192
166,193
166,194
166,195
166,196
166,197
166,198
166,199
166,200
166,201
166,202
166,203
166,204
166,205
166,206
166,207
166,208
166,209
166,210
167,0
167,1
167,2
167,3
167,4
167,5
167,6
167,7
167,8
167,9
167,10
167,11
167,12
167,13
167,14
167,15
167,16
167,17
167,18
167,19
167,20
167,21
167,22
167,23
167,24
167,25
167,26
167,27
167,28
167,29
167,30
167,31
167,32
167,33
167,34
167,35
167,36
167,37
167,38
167,39
167,40
167,41
167,42
167,43
167,44
167,45
167,46
167,47
167,48
167,49
167,50
167,51
167,52
167,53
167,54
167,55
167,56
167,57
167,58
167,59
167,60
167,61
167,62
167,63
167,64
167,65
167,66
167,67
167,68
167,69
167,70
167,71
167,72
167,73
167,74
167,75
167,76
167,77
167,78
167,79
167,80
167,81
167,82
167,83
167,84
167,85
167,86
167,87
167,88
167,89
167,90
167,91
167,92
167,93
167,94
167,95
167,96
167,97
167,98
167,99
167,100
167,101
167,102
167,103
167,104
167,105
167,106
167,107
167,108
167,109
167,110
167,111
167,112
167,113
167,114
167,115
167,116
167,117
167,118
167,119
167,120
167,121
167,122
167,123
167,124
167,125
167,126
167,127
167,128
167,129
167,130
167,131
167,132
167,133
167,134
167,135
167,136
167,137
167,138
167,139
167,140
167,141
167,142
167,143
167,144
167,145
167,146
167,147
167,148
167,149
167,150
167,151
167,152
167,153
167,154
167,155
167,156
167,157
167,158
167,159
167,160
167,161
167,162
167,163
167,164
167,165
167,166
167,167
167,168
167,169
167,170
167,171
167,172
167,173
167,174
167,175
167,176
167,177
167,178
167,179
167,180
167,181
167,182
167,183
167,184
167,185
167,186
167,187
167,188
167,189
167,190
167,191
167,192
167,193
167,194
167,195
167,196
167,197
167,198
167,199
167,200
167,201
167,202
167,203
167,204
167,205
167,206
167,207
167,208
167,209
167,210
168,0
168,1
168,2
168,3
168,4
168,5
168,6
168,7
168,8
168,9
168,10
168,11
168,12
168,13
168,14
168,15
168,16
168,17
168,18
168,19
168,20
168,21
168,22
168,23
168,24
168,25
168,26
168,27
168,28
168,29
168,30
168,31
168,32
168,33
168,34
168,35
168,36
168,37
168,38
168,39
168,40
168,41
168,42
168,43
168,44
168,45
168,46
168,47
168,48
168,49
168,50
168,51
168,52
168,53
168,54
168,55
168,56
168,57
168,58
168,59
168,60
168,61
168,62
168,63
168,64
168,65
168,66
168,67
168,68
168,69
168,70
168,71
168,72
168,73
168,74
168,75
168,76
168,77
168,78
168,79
168,80
168,81
168,82
168,83
168,84
168,85
168,86
168,87
168,88
168,89
168,90
168,91
168,92
168,93
168,94
168,95
168,96
168,97
168,98
168,99
168,100
168,101
168,102
168,103
168,104
168,105
168,106
168,107
168,108
168,109
168,110
168,111
168,112
168,113
168,114
168,115
168,116
168,117
168,118
168,119
168,120
168,121
168,122
168,123
168,124
168,125
168,126
168,127
168,128
168,129
168,130
168,131
168,132
168,133
168,134
168,135
168,136
168,137
168,138
168,139
168,140
168,141
168,142
168,143
168,144
168,145
168,146
168,147
168,148
168,149
168,150
168,151
168,152
168,153
168,154
168,155
168,156
168,157
168,158
168,159
168,160
168,161
168,162
168,163
168,164
168,165
168,166
168,167
168,168
168,169
168,170
168,171
168,172
168,173
168,174
168,175
168,176
168,177
168,178
168,179
168,180
168,181
168,182
168,183
168,184
168,185
168,186
168,187
168,188
168,189
168,190
168,191
168,192
168,193
168,194
168,195
168,196
168,197
168,198
168,199
168,200
168,201
168,202
168,203
168,204
168,205
168,206
168,207
168,208
168,209
168,210
